epoch,CPU,RAM
0.0,0.0,5.4
0.15736794471740723,0.0,5.4
0.31439709663391113,0.0,5.4
0.47132015228271484,0.0,5.4
0.6284599304199219,0.0,5.4
0.7843401432037354,0.0,5.4
0.9413890838623047,0.0,5.4
1.0983619689941406,0.0,5.4
1.2553150653839111,0.0,5.4
1.41239595413208,0.0,5.4
1.5693700313568115,0.0,5.4
1.726473093032837,0.0,5.4
1.8835301399230957,0.0,5.4
2.0405211448669434,0.0,5.4
2.1975159645080566,0.0,5.4
2.3545639514923096,0.0,5.4
2.5115561485290527,0.0,5.4
2.6683239936828613,0.0,5.4
2.8253629207611084,0.0,5.4
2.982377052307129,0.0,5.4
3.139425039291382,0.0,5.4
3.2966930866241455,12.5,5.4
3.4541380405426025,0.0,5.4
3.6103529930114746,6.7,5.4
3.7664690017700195,0.0,5.4
3.9244420528411865,0.0,5.4
4.083125114440918,0.0,5.4
4.239781141281128,0.0,5.4
4.395765066146851,0.0,5.4
4.553359031677246,0.0,5.4
4.710500955581665,0.0,5.4
4.866704940795898,0.0,5.4
5.022550106048584,0.0,5.4
5.179275989532471,0.0,5.4
5.335907936096191,0.0,5.4
5.492390155792236,0.0,5.4
5.649564981460571,0.0,5.4
5.805978059768677,0.0,5.4
5.9628541469573975,0.0,5.4
6.119858980178833,0.0,5.4
6.276051998138428,0.0,5.4
6.432193994522095,0.0,5.4
6.590090036392212,0.0,5.4
6.746690034866333,0.0,5.4
6.903986930847168,0.0,5.4
7.0611491203308105,0.0,5.4
7.218267917633057,0.0,5.4
7.3751959800720215,0.0,5.4
7.532067060470581,0.0,5.4
7.689266920089722,0.0,5.4
7.846606016159058,0.0,5.4
8.004001140594482,0.0,5.4
8.16094708442688,0.0,5.4
8.317947149276733,0.0,5.4
8.474947929382324,0.0,5.4
8.632089138031006,0.0,5.4
8.789194107055664,0.0,5.4
8.946208953857422,0.0,5.4
9.103291034698486,0.0,5.4
9.260417938232422,0.0,5.4
9.417711973190308,0.0,5.4
9.574908971786499,0.0,5.4
9.731852054595947,0.0,5.4
9.888898134231567,0.0,5.4
10.045890092849731,0.0,5.4
10.202885150909424,0.0,5.4
10.359913110733032,0.0,5.4
10.516988039016724,0.0,5.4
10.674057960510254,0.0,5.4
10.831187009811401,0.0,5.4
10.988295078277588,0.0,5.4
11.145233154296875,0.0,5.4
11.302268981933594,0.0,5.4
11.459326982498169,0.0,5.4
11.616524934768677,0.0,5.4
11.77389907836914,0.0,5.4
11.930819988250732,0.0,5.4
12.087866067886353,0.0,5.4
12.245001077651978,0.0,5.4
12.402348041534424,0.0,5.4
12.559319972991943,0.0,5.4
12.716422080993652,0.0,5.4
12.873451948165894,0.0,5.4
13.030493974685669,0.0,5.4
13.187350988388062,0.0,5.4
13.344373941421509,0.0,5.4
13.501399040222168,0.0,5.4
13.658470153808594,0.0,5.4
13.815557956695557,0.0,5.4
13.972650051116943,0.0,5.4
14.129728078842163,0.0,5.4
14.287030935287476,0.0,5.4
14.444100141525269,0.0,5.4
14.601134061813354,0.0,5.4
14.75816798210144,0.0,5.4
14.915105104446411,0.0,5.4
15.072108030319214,0.0,5.4
15.229085922241211,0.0,5.4
15.386280059814453,0.0,5.4
15.543446063995361,0.0,5.4
15.700557947158813,0.0,5.4
15.85757303237915,0.0,5.4
16.01460099220276,0.0,5.4
16.171682119369507,0.0,5.4
16.32867193222046,0.0,5.4
16.485651969909668,0.0,5.4
16.642197132110596,0.0,5.4
16.799066066741943,0.0,5.4
16.95580291748047,0.0,5.4
17.112770080566406,0.0,5.4
17.270117044448853,0.0,5.4
17.427147150039673,0.0,5.4
17.584113121032715,0.0,5.4
17.741454124450684,0.0,5.4
17.898805141448975,0.0,5.4
18.055832147598267,0.0,5.4
18.213685035705566,0.0,5.4
18.3703351020813,0.0,5.4
18.527461051940918,0.0,5.4
18.68463706970215,0.0,5.4
18.841670989990234,0.0,5.4
18.998634099960327,0.0,5.4
19.155681133270264,0.0,5.4
19.312734127044678,0.0,5.4
19.469738006591797,0.0,5.4
19.626781940460205,0.0,5.4
19.783813953399658,0.0,5.4
19.940895080566406,0.0,5.4
20.098173141479492,0.0,5.4
20.255304098129272,0.0,5.4
20.41236114501953,0.0,5.4
20.569539070129395,0.0,5.4
20.726163148880005,0.0,5.4
20.883265018463135,0.0,5.4
21.04031991958618,0.0,5.4
21.19733500480652,0.0,5.4
21.3543860912323,0.0,5.4
21.511325120925903,0.0,5.4
21.668458938598633,0.0,5.4
21.82561206817627,0.0,5.4
21.982598066329956,0.0,5.4
22.13959312438965,0.0,5.4
22.296677112579346,0.0,5.4
22.45346999168396,0.0,5.4
22.610526084899902,0.0,5.4
22.767518997192383,0.0,5.4
22.92425513267517,0.0,5.4
23.081258058547974,0.0,5.4
23.238399982452393,0.0,5.4
23.395735025405884,0.0,5.4
23.552813053131104,0.0,5.4
23.709869146347046,0.0,5.4
23.86682105064392,0.0,5.4
24.023810148239136,0.0,5.4
24.180845975875854,0.0,5.4
24.337862968444824,0.0,5.4
24.495024919509888,0.0,5.4
24.652251958847046,0.0,5.4
24.80957794189453,0.0,5.4
24.966548919677734,0.0,5.4
25.12355613708496,0.0,5.4
25.28053593635559,6.7,5.4
25.437612056732178,0.0,5.4
25.594649076461792,0.0,5.4
25.75174903869629,0.0,5.4
25.908654928207397,0.0,5.4
26.065555095672607,0.0,5.4
26.22295594215393,0.0,5.4
26.37952995300293,0.0,5.4
26.536634922027588,0.0,5.4
26.69382095336914,0.0,5.4
26.850932121276855,0.0,5.4
27.008028984069824,0.0,5.4
27.165130138397217,0.0,5.4
27.322175979614258,0.0,5.4
27.47926092147827,0.0,5.4
27.636314153671265,0.0,5.4
27.79327702522278,0.0,5.4
27.950329065322876,0.0,5.4
28.107490062713623,0.0,5.4
28.264503002166748,0.0,5.4
28.42152714729309,0.0,5.4
28.57861304283142,0.0,5.4
28.735743045806885,0.0,5.4
28.892750024795532,0.0,5.4
29.04982304573059,0.0,5.4
29.206872940063477,0.0,5.4
29.363850116729736,0.0,5.4
29.520901918411255,0.0,5.4
29.678004026412964,0.0,5.4
29.834936141967773,0.0,5.4
29.99195098876953,0.0,5.4
30.148870944976807,0.0,5.4
30.305881023406982,0.0,5.4
30.462918996810913,0.0,5.4
30.61999201774597,0.0,5.4
30.777148962020874,0.0,5.4
30.934206008911133,0.0,5.4
31.09124207496643,0.0,5.4
31.24828815460205,0.0,5.4
31.405401945114136,0.0,5.4
31.562703132629395,0.0,5.4
31.719715118408203,0.0,5.4
31.876744031906128,0.0,5.4
32.033743143081665,0.0,5.4
32.19074201583862,0.0,5.4
32.34779715538025,0.0,5.4
32.50485396385193,0.0,5.4
32.661906003952026,0.0,5.4
32.8184130191803,0.0,5.4
32.9755859375,0.0,5.4
33.13259506225586,0.0,5.4
33.2895929813385,0.0,5.4
33.44658303260803,0.0,5.4
33.6035270690918,0.0,5.4
33.760388135910034,0.0,5.4
33.91718411445618,0.0,5.4
34.07432699203491,0.0,5.4
34.23129892349243,0.0,5.4
34.38844609260559,0.0,5.4
34.54546499252319,0.0,5.4
34.70250105857849,0.0,5.4
34.85950708389282,0.0,5.4
35.016539096832275,0.0,5.4
35.17380905151367,0.0,5.4
35.33029508590698,0.0,5.4
35.48754906654358,0.0,5.4
35.644668102264404,0.0,5.4
35.80173206329346,0.0,5.4
35.9587299823761,0.0,5.4
36.11564302444458,0.0,5.4
36.27251601219177,0.0,5.4
36.42950797080994,0.0,5.4
36.58656692504883,0.0,5.4
36.743622064590454,0.0,5.4
36.90065908432007,0.0,5.4
37.0576651096344,0.0,5.4
37.21463894844055,0.0,5.4
37.371708154678345,0.0,5.4
37.5289261341095,0.0,5.4
37.68615412712097,0.0,5.4
37.843344926834106,0.0,5.4
38.00034308433533,0.0,5.4
38.15752410888672,0.0,5.4
38.31455111503601,0.0,5.4
38.471625089645386,0.0,5.4
38.628621101379395,0.0,5.4
38.785645961761475,0.0,5.4
38.94260811805725,0.0,5.4
39.09969210624695,0.0,5.4
39.256710052490234,0.0,5.4
39.413733959198,0.0,5.4
39.57080101966858,0.0,5.4
39.72759294509888,0.0,5.4
39.88428997993469,0.0,5.4
40.041412115097046,0.0,5.4
40.19855308532715,0.0,5.4
40.35565805435181,0.0,5.4
40.51272106170654,0.0,5.4
40.66974902153015,0.0,5.4
40.826722145080566,0.0,5.4
40.9836630821228,0.0,5.4
41.140679121017456,0.0,5.4
41.29764413833618,0.0,5.4
41.45486092567444,0.0,5.4
41.612406969070435,0.0,5.4
41.76980710029602,0.0,5.4
41.926779985427856,0.0,5.4
42.08381414413452,0.0,5.4
42.24085593223572,0.0,5.4
42.397969007492065,0.0,5.4
42.55509805679321,0.0,5.4
42.71216607093811,0.0,5.4
42.86921215057373,0.0,5.4
43.02623510360718,0.0,5.4
43.18313813209534,0.0,5.4
43.339792013168335,0.0,5.4
43.49679613113403,0.0,5.4
43.65389704704285,0.0,5.4
43.811164140701294,0.0,5.4
43.96812605857849,0.0,5.4
44.125431060791016,0.0,5.4
44.282434940338135,0.0,5.4
44.4393789768219,0.0,5.4
44.59643793106079,0.0,5.4
44.753490924835205,0.0,5.4
44.9105429649353,0.0,5.4
45.067456007003784,0.0,5.4
45.224518060684204,0.0,5.4
45.38145613670349,0.0,5.4
45.53830099105835,0.0,5.4
45.6952440738678,0.0,5.4
45.85226798057556,0.0,5.4
46.00933814048767,0.0,5.4
46.16644811630249,0.0,5.4
46.323646068573,0.0,5.4
46.480966091156006,0.0,5.4
46.63811206817627,0.0,5.4
46.7954261302948,0.0,5.4
46.952357053756714,0.0,5.4
47.10954213142395,0.0,5.4
47.266165018081665,0.0,5.4
47.42323708534241,0.0,5.4
47.58030104637146,0.0,5.4
47.73741698265076,0.0,5.4
47.89446997642517,0.0,5.4
48.051650047302246,0.0,5.4
48.20886301994324,0.0,5.4
48.36587405204773,0.0,5.4
48.52290391921997,0.0,5.4
48.68000102043152,0.0,5.4
48.83699297904968,0.0,5.4
48.99393606185913,0.0,5.4
49.150978088378906,0.0,5.4
49.307815074920654,0.0,5.4
49.464812994003296,0.0,5.4
49.621840953826904,0.0,5.4
49.77887797355652,0.0,5.4
49.935977935791016,0.0,5.4
50.0932719707489,0.0,5.4
50.25029706954956,0.0,5.4
50.40738391876221,0.0,5.4
50.56407904624939,0.0,5.4
50.72113299369812,0.0,5.4
50.87825393676758,0.0,5.4
51.03531002998352,0.0,5.4
51.1919469833374,0.0,5.4
51.348942041397095,0.0,5.4
51.50594997406006,0.0,5.4
51.66288495063782,0.0,5.4
51.82029104232788,0.0,5.4
51.977256059646606,0.0,5.4
52.13459610939026,0.0,5.4
52.29186797142029,0.0,5.4
52.44889807701111,0.0,5.4
52.60593104362488,0.0,5.4
52.762948989868164,0.0,5.4
52.919920921325684,0.0,5.4
53.07694602012634,0.0,5.4
53.23398303985596,0.0,5.4
53.390905141830444,0.0,5.4
53.548015117645264,0.0,5.4
53.70499897003174,0.0,5.4
53.86207914352417,0.0,5.4
54.01917099952698,0.0,5.4
54.176177978515625,0.0,5.4
54.33322095870972,0.0,5.4
54.490159034729004,0.0,5.4
54.647228956222534,0.0,5.4
54.80426502227783,0.0,5.4
54.96128702163696,0.0,5.4
55.11826205253601,0.0,5.4
55.27543592453003,0.0,5.4
55.43254113197327,0.0,5.4
55.589585065841675,0.0,5.4
55.746793031692505,0.0,5.4
55.9040949344635,0.0,5.4
56.06108212471008,0.0,5.4
56.21808314323425,0.0,5.4
56.37513494491577,0.0,5.4
56.53205895423889,0.0,5.4
56.68919491767883,0.0,5.4
56.84626913070679,0.0,5.4
57.00293302536011,0.0,5.4
57.159992933273315,0.0,5.4
57.31701302528381,0.0,5.4
57.47407507896423,0.0,5.4
57.63111114501953,6.7,5.4
57.7880859375,0.0,5.4
57.94527792930603,0.0,5.4
58.10246205329895,0.0,5.4
58.259721994400024,0.0,5.4
58.41685104370117,0.0,5.4
58.57400393486023,0.0,5.4
58.73131608963013,0.0,5.4
58.88842296600342,0.0,5.4
59.04544806480408,0.0,5.4
59.202455043792725,0.0,5.4
59.359426975250244,0.0,5.4
59.51646113395691,0.0,5.4
59.67345714569092,0.0,5.4
59.8305299282074,0.0,5.4
59.98754906654358,0.0,5.4
60.14421606063843,0.0,5.4
60.301170110702515,0.0,5.4
60.45740103721619,0.0,5.4
60.61449599266052,0.0,5.4
60.77152109146118,0.0,5.4
60.928585052490234,0.0,5.4
61.08557891845703,0.0,5.4
61.24253296852112,0.0,5.4
61.3996000289917,0.0,5.4
61.556183099746704,0.0,5.4
61.71348214149475,0.0,5.4
61.87051796913147,0.0,5.4
62.02752900123596,0.0,5.4
62.18453907966614,0.0,5.4
62.34150815010071,0.0,5.4
62.4984929561615,0.0,5.4
62.655555963516235,0.0,5.4
62.81252408027649,0.0,5.4
62.96950006484985,0.0,5.4
63.12653303146362,0.0,5.4
63.28338694572449,0.0,5.4
63.44036412239075,0.0,5.4
63.59745693206787,0.0,5.4
63.754802942276,0.0,5.4
63.911880016326904,0.0,5.4
64.06774497032166,0.0,5.4
64.22477793693542,0.0,5.4
64.38182497024536,0.0,5.4
64.53887009620667,0.0,5.4
64.69601702690125,0.0,5.4
64.85335111618042,0.0,5.4
65.0103530883789,0.0,5.4
65.16746497154236,0.0,5.4
65.32456994056702,0.0,5.4
65.48175311088562,0.0,5.4
65.63914108276367,0.0,5.4
65.79578495025635,0.0,5.4
65.95280909538269,0.0,5.4
66.10990309715271,0.0,5.4
66.26717805862427,0.0,5.4
66.42455911636353,0.0,5.4
66.58157992362976,0.0,5.4
66.73867893218994,0.0,5.4
66.89567112922668,0.0,5.4
67.05238008499146,0.0,5.4
67.20936799049377,0.0,5.4
67.36638903617859,0.0,5.4
67.52353596687317,0.0,5.4
67.6806640625,0.0,5.4
67.83769798278809,0.0,5.4
67.99473810195923,0.0,5.4
68.15194392204285,0.0,5.4
68.30902004241943,0.0,5.4
68.4660210609436,0.0,5.4
68.62306213378906,0.0,5.4
68.78008699417114,0.0,5.4
68.93707513809204,0.0,5.4
69.09406995773315,0.0,5.4
69.25110197067261,0.0,5.4
69.40808415412903,0.0,5.4
69.56518197059631,0.0,5.4
69.72244691848755,0.0,5.4
69.8795440196991,0.0,5.4
70.0365309715271,0.0,5.4
70.19348812103271,0.0,5.4
70.35056614875793,0.0,5.4
70.5075831413269,0.0,5.4
70.66464710235596,0.0,5.4
70.82164096832275,0.0,5.4
70.97862911224365,0.0,5.4
71.1356270313263,0.0,5.4
71.29265594482422,0.0,5.4
71.44967794418335,0.0,5.4
71.60676097869873,0.0,5.4
71.76287412643433,0.0,5.4
71.91956615447998,0.0,5.4
72.07653594017029,0.0,5.4
72.23342895507812,0.0,5.4
72.390545129776,0.0,5.4
72.54752111434937,0.0,5.4
72.70443797111511,0.0,5.4
72.86172914505005,0.0,5.4
73.01898694038391,0.0,5.4
73.1759090423584,0.0,5.4
73.33292603492737,0.0,5.4
73.4899640083313,0.0,5.4
73.64696407318115,0.0,5.4
73.80379295349121,0.0,5.4
73.96047496795654,0.0,5.4
74.11735105514526,0.0,5.4
74.27441692352295,0.0,5.4
74.43151712417603,0.0,5.4
74.58868598937988,0.0,5.4
74.74566197395325,0.0,5.4
74.90279793739319,0.0,5.4
75.05980801582336,0.0,5.4
75.21684312820435,0.0,5.4
75.37392210960388,0.0,5.4
75.53109002113342,0.0,5.4
75.68814897537231,0.0,5.4
75.84518313407898,0.0,5.4
76.00212693214417,0.0,5.4
76.15915513038635,0.0,5.4
76.31631207466125,0.0,5.4
76.47346305847168,0.0,5.4
76.6305730342865,0.0,5.4
76.78763508796692,0.0,5.4
76.94440507888794,0.0,5.4
77.1014130115509,0.0,5.4
77.2584879398346,0.0,5.4
77.41544008255005,0.0,5.4
77.57246708869934,0.0,5.4
77.7295401096344,0.0,5.4
77.8865749835968,0.0,5.4
78.04375910758972,0.0,5.4
78.20099806785583,0.0,5.4
78.35801410675049,0.0,5.4
78.51502895355225,0.0,5.4
78.67207503318787,0.0,5.4
78.82909202575684,0.0,5.4
78.98618006706238,0.0,5.4
79.14327192306519,0.0,5.4
79.30062413215637,0.0,5.4
79.45772814750671,0.0,5.4
79.61495399475098,0.0,5.4
79.77201104164124,0.0,5.4
79.92900896072388,0.0,5.4
80.08601713180542,0.0,5.4
80.24306797981262,0.0,5.4
80.39988803863525,0.0,5.4
80.55693101882935,0.0,5.4
80.71405005455017,0.0,5.4
80.87095403671265,0.0,5.4
81.02787208557129,0.0,5.4
81.1849319934845,0.0,5.4
81.34196996688843,0.0,5.4
81.4990611076355,0.0,5.4
81.6562180519104,0.0,5.4
81.813236951828,0.0,5.4
81.9703221321106,0.0,5.4
82.12744307518005,0.0,5.4
82.28437399864197,0.0,5.4
82.4417130947113,0.0,5.4
82.59873700141907,0.0,5.4
82.75553798675537,0.0,5.4
82.91217803955078,0.0,5.4
83.06945395469666,0.0,5.4
83.22647309303284,0.0,5.4
83.3834331035614,0.0,5.4
83.54010605812073,0.0,5.4
83.69719195365906,0.0,5.4
83.85424709320068,0.0,5.4
84.01128911972046,0.0,5.4
84.1683509349823,0.0,5.4
84.32543897628784,0.0,5.4
84.48249006271362,0.0,5.4
84.63942694664001,0.0,5.4
84.7964129447937,0.0,5.4
84.95375108718872,0.0,5.4
85.11073899269104,0.0,5.4
85.26773405075073,0.0,5.4
85.42464709281921,0.0,5.4
85.58148503303528,0.0,5.4
85.73859214782715,0.0,5.4
85.89568495750427,0.0,5.4
86.05218195915222,0.0,5.4
86.20936703681946,0.0,5.4
86.36631798744202,0.0,5.4
86.52313303947449,0.0,5.4
86.68026995658875,0.0,5.4
86.83734893798828,0.0,5.4
86.99446511268616,0.0,5.4
87.15151500701904,0.0,5.4
87.30840492248535,0.0,5.4
87.46580600738525,0.0,5.4
87.62284207344055,0.0,5.4
87.77978897094727,0.0,5.4
87.93677401542664,0.0,5.4
88.09379696846008,0.0,5.4
88.2514021396637,0.0,5.4
88.40814113616943,0.0,5.4
88.5651171207428,0.0,5.4
88.72215914726257,0.0,5.4
88.87916994094849,0.0,5.4
89.03614401817322,0.0,5.4
89.19312310218811,0.0,5.4
89.35009598731995,0.0,5.4
89.5071771144867,0.0,5.4
89.66430997848511,0.0,5.4
89.82142806053162,0.0,5.4
89.97814297676086,0.0,5.4
90.13520097732544,0.0,5.4
90.29231095314026,0.0,5.4
90.44975900650024,0.0,5.4
90.60716199874878,0.0,5.4
90.76427412033081,0.0,5.4
90.92161893844604,0.0,5.4
91.07864594459534,0.0,5.4
91.23570513725281,0.0,5.4
91.39263701438904,0.0,5.4
91.54963397979736,0.0,5.4
91.70667600631714,0.0,5.4
91.86356496810913,0.0,5.4
92.02052593231201,0.0,5.4
92.17753791809082,0.0,5.4
92.33470702171326,0.0,5.4
92.49178695678711,0.0,5.4
92.64881992340088,0.0,5.4
92.80579209327698,0.0,5.4
92.96278309822083,0.0,5.4
93.11966609954834,0.0,5.4
93.2766649723053,0.0,5.4
93.43371605873108,0.0,5.4
93.59049105644226,0.0,5.4
93.74765706062317,0.0,5.4
93.90501713752747,0.0,5.4
94.0621280670166,0.0,5.4
94.21918392181396,0.0,5.4
94.37619614601135,0.0,5.4
94.53333115577698,0.0,5.4
94.68933606147766,0.0,5.4
94.84636998176575,0.0,5.4
95.00338697433472,0.0,5.4
95.16041398048401,0.0,5.4
95.31759214401245,0.0,5.4
95.47493195533752,0.0,5.4
95.63170313835144,0.0,5.4
95.78875494003296,0.0,5.4
95.94575095176697,0.0,5.4
96.10269904136658,0.0,5.4
96.25972199440002,0.0,5.4
96.41666412353516,0.0,5.4
96.57366895675659,0.0,5.4
96.73067998886108,0.0,5.4
96.88774704933167,0.0,5.4
97.04485297203064,0.0,5.4
97.20186710357666,0.0,5.4
97.35890293121338,0.0,5.4
97.51592493057251,0.0,5.4
97.67295503616333,0.0,5.4
97.82971405982971,0.0,5.4
97.98671197891235,0.0,5.4
98.14369511604309,6.7,5.4
98.30076193809509,0.0,5.4
98.4577260017395,0.0,5.4
98.6139919757843,0.0,5.4
98.77121901512146,0.0,5.4
98.92817711830139,0.0,5.4
99.08512592315674,0.0,5.4
99.24210500717163,0.0,5.4
99.39924907684326,0.0,5.4
99.556223154068,0.0,5.4
99.7134051322937,0.0,5.4
99.87089109420776,0.0,5.4
100.02789807319641,0.0,5.4
100.18494892120361,0.0,5.4
100.34209203720093,0.0,5.4
100.49932312965393,0.0,5.4
100.65638995170593,0.0,5.4
100.81352806091309,0.0,5.4
100.97084307670593,0.0,5.4
101.12793612480164,0.0,5.4
101.28524494171143,0.0,5.4
101.44231796264648,0.0,5.4
101.59950494766235,0.0,5.4
101.75687909126282,0.0,5.4
101.91388607025146,0.0,5.4
102.0709011554718,0.0,5.4
102.22796201705933,0.0,5.4
102.38501310348511,0.0,5.4
102.54208111763,0.0,5.4
102.69910407066345,0.0,5.4
102.85613107681274,0.0,5.4
103.01311612129211,0.0,5.4
103.170086145401,0.0,5.4
103.32713413238525,0.0,5.4
103.48402214050293,0.0,5.4
103.64083695411682,0.0,5.4
103.7983009815216,0.0,5.4
103.9556610584259,0.0,5.4
104.11241292953491,0.0,5.4
104.26972794532776,0.0,5.4
104.42670512199402,0.0,5.4
104.58374309539795,0.0,5.4
104.74078798294067,0.0,5.4
104.89781904220581,0.0,5.4
105.05486798286438,0.0,5.4
105.21184015274048,0.0,5.4
105.36880803108215,0.0,5.4
105.5258150100708,0.0,5.4
105.68298006057739,0.0,5.4
105.84032702445984,0.0,5.4
105.99730515480042,0.0,5.4
106.15428304672241,0.0,5.4
106.31135296821594,0.0,5.4
106.46863603591919,0.0,5.4
106.62569808959961,0.0,5.4
106.78282904624939,0.0,5.4
106.94020009040833,0.0,5.4
107.09723901748657,0.0,5.4
107.25431394577026,0.0,5.4
107.4113039970398,0.0,5.4
107.56826210021973,0.0,5.4
107.72576999664307,0.0,5.4
107.88313698768616,0.0,5.4
108.04027104377747,0.0,5.4
108.19735503196716,0.0,5.4
108.35443115234375,0.0,5.4
108.5113251209259,0.0,5.4
108.66843700408936,0.0,5.4
108.82542300224304,0.0,5.4
108.98243999481201,0.0,5.4
109.13942503929138,0.0,5.4
109.29647397994995,0.0,5.4
109.45347309112549,0.0,5.4
109.61055111885071,0.0,5.4
109.76758813858032,0.0,5.4
109.92457699775696,0.0,5.4
110.08042502403259,0.0,5.4
110.23750710487366,0.0,5.4
110.39478898048401,0.0,5.4
110.55165100097656,0.0,5.4
110.70875597000122,0.0,5.4
110.86577105522156,0.0,5.4
111.02283906936646,0.0,5.4
111.18017292022705,0.0,5.4
111.33719205856323,0.0,5.4
111.49418210983276,0.0,5.4
111.65126705169678,0.0,5.4
111.80833697319031,0.0,5.4
111.9653570652008,0.0,5.4
112.12239694595337,0.0,5.4
112.27947402000427,0.0,5.4
112.43649005889893,0.0,5.4
112.59352898597717,0.0,5.4
112.75050902366638,0.0,5.4
112.90755891799927,0.0,5.4
113.0645661354065,0.0,5.4
113.22162294387817,0.0,5.4
113.37872004508972,0.0,5.4
113.5357940196991,0.0,5.4
113.69284796714783,0.0,5.4
113.84903812408447,0.0,5.4
114.00606298446655,0.0,5.4
114.16305994987488,0.0,5.4
114.32001614570618,0.0,5.4
114.47669100761414,0.0,5.4
114.63376903533936,0.0,5.4
114.79079914093018,0.0,5.4
114.94756007194519,0.0,5.4
115.10458302497864,0.0,5.4
115.26162505149841,0.0,5.4
115.41867113113403,0.0,5.4
115.57560110092163,0.0,5.4
115.73269414901733,0.0,5.4
115.88972997665405,0.0,5.4
116.04669094085693,0.0,5.4
116.20343708992004,0.0,5.4
116.3603789806366,0.0,5.4
116.51777005195618,0.0,5.4
116.67486214637756,0.0,5.4
116.8318350315094,0.0,5.4
116.98895192146301,0.0,5.4
117.14598512649536,0.0,5.4
117.30305409431458,0.0,5.4
117.46008205413818,0.0,5.4
117.61722993850708,0.0,5.4
117.77437806129456,0.0,5.4
117.93116807937622,0.0,5.4
118.08838200569153,0.0,5.4
118.24555397033691,0.0,5.4
118.40261101722717,0.0,5.4
118.5596010684967,0.0,5.4
118.71632194519043,0.0,5.4
118.87337708473206,0.0,5.4
119.0303361415863,0.0,5.4
119.18730592727661,0.0,5.4
119.34438395500183,0.0,5.4
119.5014419555664,0.0,5.4
119.65883111953735,0.0,5.4
119.81596207618713,0.0,5.4
119.97295212745667,0.0,5.4
120.12994003295898,0.0,5.4
120.28702306747437,0.0,5.4
120.44409108161926,0.0,5.4
120.60112595558167,0.0,5.4
120.75817203521729,0.0,5.4
120.91529107093811,0.0,5.4
121.07263112068176,0.0,5.4
121.22977709770203,0.0,5.4
121.38675093650818,0.0,5.4
121.5437159538269,0.0,5.4
121.70078206062317,0.0,5.4
121.85785508155823,0.0,5.4
122.01489400863647,0.0,5.4
122.17182302474976,0.0,5.4
122.32876515388489,0.0,5.4
122.48583793640137,0.0,5.4
122.64288711547852,0.0,5.4
122.79991602897644,0.0,5.4
122.9570300579071,0.0,5.4
123.1142270565033,0.0,5.4
123.27158093452454,0.0,5.4
123.42855095863342,0.0,5.4
123.58561897277832,0.0,5.4
123.74279594421387,0.0,5.4
123.900151014328,0.0,5.4
124.05720901489258,0.0,5.4
124.2141981124878,0.0,5.4
124.37122297286987,0.0,5.4
124.52827501296997,0.0,5.4
124.6853449344635,0.0,5.4
124.8423171043396,0.0,5.4
124.99932098388672,0.0,5.4
125.15640091896057,0.0,5.4
125.31349396705627,0.0,5.4
125.47048091888428,0.0,5.4
125.62753200531006,0.0,5.4
125.78452205657959,0.0,5.4
125.94152903556824,0.0,5.4
126.09852004051208,0.0,5.4
126.25566601753235,0.0,5.4
126.41261506080627,0.0,5.4
126.57003092765808,0.0,5.4
126.7271511554718,0.0,5.4
126.88417315483093,0.0,5.4
127.04118704795837,0.0,5.4
127.19830393791199,0.0,5.4
127.3553991317749,0.0,5.4
127.51247692108154,0.0,5.4
127.66963911056519,0.0,5.4
127.82671213150024,0.0,5.4
127.98422908782959,0.0,5.4
128.14154314994812,0.0,5.4
128.2989649772644,0.0,5.4
128.4562520980835,0.0,5.4
128.61331605911255,0.0,5.4
128.77032995224,0.0,5.4
128.9273021221161,0.0,5.4
129.08436512947083,0.0,5.4
129.2414231300354,0.0,5.4
129.39840602874756,0.0,5.4
129.55525708198547,0.0,5.4
129.71229004859924,0.0,5.4
129.86931204795837,0.0,5.4
130.02628111839294,0.0,5.4
130.18328595161438,0.0,5.4
130.34044408798218,0.0,5.4
130.49748492240906,0.0,5.4
130.65461993217468,0.0,5.4
130.8116590976715,0.0,5.4
130.9683690071106,0.0,5.4
131.12535500526428,0.0,5.4
131.2823829650879,0.0,5.4
131.4394190311432,0.0,5.4
131.5965769290924,0.0,5.4
131.75372695922852,0.0,5.4
131.91076707839966,0.0,5.4
132.06782412528992,0.0,5.4
132.22483706474304,0.0,5.4
132.38176107406616,0.0,5.4
132.53877806663513,0.0,5.4
132.69581508636475,0.0,5.4
132.85289096832275,0.0,5.4
133.00991296768188,0.0,5.4
133.16685605049133,0.0,5.4
133.323655128479,0.0,5.4
133.48070907592773,0.0,5.4
133.63774013519287,0.0,5.4
133.79486894607544,0.0,5.4
133.9521939754486,0.0,5.4
134.10909700393677,0.0,5.4
134.26610708236694,0.0,5.4
134.42313504219055,0.0,5.4
134.58012199401855,0.0,5.4
134.73714804649353,0.0,5.4
134.89423203468323,0.0,5.4
135.05121994018555,0.0,5.4
135.20801401138306,0.0,5.4
135.3650770187378,0.0,5.4
135.5222179889679,0.0,5.4
135.67928910255432,0.0,5.4
135.83633995056152,0.0,5.4
135.99336314201355,0.0,5.4
136.15035605430603,0.0,5.4
136.30730509757996,0.0,5.4
136.4643189907074,0.0,5.4
136.62134408950806,0.0,5.4
136.7784640789032,0.0,5.4
136.93556094169617,0.0,5.4
137.09251499176025,0.0,5.4
137.24832892417908,0.0,5.4
137.4056179523468,0.0,5.4
137.5626380443573,0.0,5.4
137.7197301387787,0.0,5.4
137.87683296203613,0.0,5.4
138.03434991836548,0.0,5.4
138.1915991306305,6.7,5.4
138.3487629890442,0.0,5.4
138.50602102279663,0.0,5.4
138.66320514678955,0.0,5.4
138.8201870918274,0.0,5.4
138.97726893424988,0.0,5.4
139.13431692123413,0.0,5.4
139.29145312309265,0.0,5.4
139.4485719203949,0.0,5.4
139.60562705993652,0.0,5.4
139.76265811920166,0.0,5.4
139.9196901321411,0.0,5.4
140.0766749382019,0.0,5.4
140.23378896713257,0.0,5.4
140.39117407798767,0.0,5.4
140.54814195632935,0.0,5.4
140.70521807670593,0.0,5.4
140.86228203773499,0.0,5.4
141.019268989563,0.0,5.4
141.17629599571228,0.0,5.4
141.3333420753479,0.0,5.4
141.49033093452454,0.0,5.4
141.64743995666504,0.0,5.4
141.80422401428223,0.0,5.4
141.96129393577576,0.0,5.4
142.1183910369873,0.0,5.4
142.2754421234131,0.0,5.4
142.43243408203125,0.0,5.4
142.58970403671265,0.0,5.4
142.7467589378357,0.0,5.4
142.9038369655609,0.0,5.4
143.0609359741211,0.0,5.4
143.21797513961792,0.0,5.4
143.37494611740112,0.0,5.4
143.53202414512634,0.0,5.4
143.68881702423096,0.0,5.4
143.84586596488953,0.0,5.4
144.00287795066833,0.0,5.4
144.15982913970947,0.0,5.4
144.32141995429993,0.0,5.4
144.4785840511322,0.0,5.4
144.63587999343872,0.0,5.4
144.7930450439453,0.0,5.4
144.95008301734924,0.0,5.4
145.10702896118164,0.0,5.4
145.26398491859436,0.0,5.4
145.42094707489014,0.0,5.4
145.57794094085693,0.0,5.4
145.73504996299744,0.0,5.4
145.8920819759369,0.0,5.4
146.04909801483154,0.0,5.4
146.20686101913452,0.0,5.4
146.36440014839172,0.0,5.4
146.52187705039978,0.0,5.4
146.6790690422058,0.0,5.4
146.83612895011902,0.0,5.4
146.99283409118652,0.0,5.4
147.14980292320251,0.0,5.4
147.3067729473114,0.0,5.4
147.46379709243774,0.0,5.4
147.62089896202087,0.0,5.4
147.77805614471436,0.0,5.4
147.9350299835205,0.0,5.4
148.0918619632721,0.0,5.4
148.24896907806396,0.0,5.4
148.40597701072693,0.0,5.4
148.5629780292511,0.0,5.4
148.71995496749878,0.0,5.4
148.87660193443298,0.0,5.4
149.03361892700195,0.0,5.4
149.1905701160431,0.0,5.4
149.34752702713013,0.0,5.4
149.50459003448486,0.0,5.4
149.66163110733032,0.0,5.4
149.81860303878784,0.0,5.4
149.97555708885193,0.0,5.4
150.132817029953,0.0,5.4
150.29015111923218,0.0,5.4
150.44717001914978,0.0,5.4
150.60423803329468,0.0,5.4
150.76122307777405,0.0,5.4
150.91824293136597,0.0,5.4
151.07524609565735,0.0,5.4
151.23231506347656,0.0,5.4
151.38933897018433,0.0,5.4
151.54632210731506,0.0,5.4
151.70326805114746,0.0,5.4
151.86034393310547,0.0,5.4
152.01733899116516,0.0,5.4
152.1743779182434,0.0,5.4
152.33139991760254,0.0,5.4
152.4883930683136,0.0,5.4
152.645437002182,0.0,5.4
152.80246114730835,0.0,5.4
152.95933294296265,0.0,5.4
153.11638593673706,0.0,5.4
153.27344393730164,0.0,5.4
153.43037605285645,0.0,5.4
153.58744597434998,0.0,5.4
153.7445089817047,0.0,5.4
153.90172600746155,0.0,5.4
154.05880308151245,0.0,5.4
154.21585702896118,0.0,5.4
154.3729429244995,0.0,5.4
154.5299780368805,0.0,5.4
154.68706798553467,0.0,5.4
154.84406995773315,0.0,5.4
155.00106501579285,0.0,5.4
155.15804195404053,0.0,5.4
155.31505393981934,0.0,5.4
155.47210597991943,0.0,5.4
155.62916803359985,0.0,5.4
155.78620505332947,0.0,5.4
155.9432680606842,0.0,5.4
156.10025906562805,0.0,5.4
156.25727891921997,0.0,5.4
156.41432809829712,0.0,5.4
156.571368932724,0.0,5.4
156.72847199440002,0.0,5.4
156.88548493385315,0.0,5.4
157.042494058609,0.0,5.4
157.19931507110596,0.0,5.4
157.3563129901886,0.0,5.4
157.51333093643188,0.0,5.4
157.67045497894287,0.0,5.4
157.82749795913696,0.0,5.4
157.98432803153992,0.0,5.4
158.14128804206848,0.0,5.4
158.29871892929077,0.0,5.4
158.4556269645691,0.0,5.4
158.6123399734497,0.0,5.4
158.76935505867004,0.0,5.4
158.9264509677887,0.0,5.4
159.08350896835327,0.0,5.4
159.2405071258545,0.0,5.4
159.39758706092834,0.0,5.4
159.55497908592224,0.0,5.4
159.7121810913086,0.0,5.4
159.8694519996643,0.0,5.4
160.02649593353271,0.0,5.4
160.18357396125793,0.0,5.4
160.34073305130005,0.0,5.4
160.4980890750885,0.0,5.4
160.65517210960388,0.0,5.4
160.81227898597717,0.0,5.4
160.9695999622345,0.0,5.4
161.12660193443298,0.0,5.4
161.2836091518402,0.0,5.4
161.44076108932495,0.0,5.4
161.5975959300995,0.0,5.4
161.7535650730133,0.0,5.4
161.9107129573822,0.0,5.4
162.06776213645935,0.0,5.4
162.22473907470703,0.0,5.4
162.3817720413208,0.0,5.4
162.5387921333313,0.0,5.4
162.69588899612427,0.0,5.4
162.8528950214386,0.0,5.4
163.00991797447205,0.0,5.4
163.16699314117432,0.0,5.4
163.324068069458,0.0,5.4
163.48106002807617,0.0,5.4
163.6381070613861,0.0,5.4
163.79498600959778,0.0,5.4
163.95159101486206,0.0,5.4
164.1086130142212,0.0,5.4
164.26559901237488,0.0,5.4
164.4226050376892,0.0,5.4
164.57961702346802,0.0,5.4
164.73667001724243,0.0,5.4
164.8937110900879,0.0,5.4
165.0504469871521,0.0,5.4
165.2074840068817,0.0,5.4
165.36447310447693,0.0,5.4
165.52150893211365,0.0,5.4
165.67837405204773,0.0,5.4
165.83511114120483,0.0,5.4
165.99243998527527,0.0,5.4
166.14936113357544,0.0,5.4
166.30646109580994,0.0,5.4
166.4638180732727,0.0,5.4
166.62093305587769,0.0,5.4
166.77791810035706,0.0,5.4
166.9349250793457,0.0,5.4
167.09197998046875,0.0,5.4
167.249027967453,0.0,5.4
167.4060709476471,0.0,5.4
167.56320309638977,0.0,5.4
167.72026205062866,0.0,5.4
167.87728905677795,0.0,5.4
168.03447794914246,0.0,5.4
168.1916720867157,0.0,5.4
168.34875106811523,0.0,5.4
168.50589299201965,0.0,5.4
168.66299414634705,0.0,5.4
168.82005500793457,0.0,5.4
168.97706413269043,0.0,5.4
169.13400197029114,0.0,5.4
169.29112005233765,0.0,5.4
169.44812393188477,0.0,5.4
169.60517501831055,0.0,5.4
169.76220297813416,0.0,5.4
169.91928100585938,0.0,5.4
170.0763509273529,0.0,5.4
170.23345494270325,0.0,5.4
170.39053392410278,0.0,5.4
170.54757595062256,0.0,5.4
170.70466804504395,0.0,5.4
170.86169505119324,0.0,5.4
171.0186641216278,0.0,5.4
171.17562794685364,0.0,5.4
171.33263111114502,0.0,5.4
171.48974204063416,6.7,5.4
171.6470820903778,0.0,5.4
171.80412101745605,0.0,5.4
171.96123099327087,0.0,5.4
172.11829495429993,0.0,5.4
172.27526593208313,0.0,5.4
172.43214797973633,0.0,5.4
172.58900094032288,0.0,5.4
172.74601101875305,0.0,5.4
172.90308213233948,0.0,5.4
173.06010794639587,6.7,5.4
173.21720814704895,0.0,5.4
173.37452912330627,0.0,5.4
173.53131103515625,0.0,5.4
173.68838906288147,0.0,5.4
173.84539604187012,0.0,5.4
174.00247311592102,0.0,5.4
174.15955996513367,0.0,5.4
174.31655406951904,0.0,5.4
174.47356009483337,0.0,5.4
174.6306710243225,0.0,5.4
174.78804898262024,0.0,5.4
174.94515800476074,0.0,5.4
175.10245513916016,0.0,5.4
175.2595570087433,0.0,5.4
175.4166760444641,0.0,5.4
175.57377910614014,0.0,5.4
175.73119401931763,0.0,5.4
175.88820910453796,0.0,5.4
176.04523396492004,0.0,5.4
176.20211696624756,0.0,5.4
176.35914707183838,0.0,5.4
176.51619601249695,0.0,5.4
176.67339205741882,0.0,5.4
176.8304259777069,0.0,5.4
176.98737907409668,0.0,5.4
177.1440680027008,0.0,5.4
177.3011031150818,0.0,5.4
177.45813703536987,0.0,5.4
177.61527705192566,0.0,5.4
177.77232813835144,0.0,5.4
177.92962098121643,0.0,5.4
178.08682513237,0.0,5.4
178.24403309822083,0.0,5.4
178.4011960029602,0.0,5.4
178.55833792686462,0.0,5.4
178.71551513671875,0.0,5.4
178.87251496315002,0.0,5.4
179.0295181274414,0.0,5.4
179.18655800819397,0.0,5.4
179.34348607063293,0.0,5.4
179.50053596496582,0.0,5.4
179.6575870513916,0.0,5.4
179.81463098526,0.0,5.4
179.97169613838196,0.0,5.4
180.12863206863403,0.0,5.4
180.28561902046204,0.0,5.4
180.4426019191742,0.0,5.4
180.59953999519348,0.0,5.4
180.75664401054382,0.0,5.4
180.91365814208984,0.0,5.4
181.07058596611023,0.0,5.4
181.2276029586792,0.0,5.4
181.38461208343506,0.0,5.4
181.54170393943787,0.0,5.4
181.69912099838257,0.0,5.4
181.85614395141602,0.0,5.4
182.01320004463196,0.0,5.4
182.17015314102173,0.0,5.4
182.32724809646606,0.0,5.4
182.48438596725464,0.0,5.4
182.64165496826172,0.0,5.4
182.79896211624146,0.0,5.4
182.95599699020386,0.0,5.4
183.11296010017395,0.0,5.4
183.269935131073,0.0,5.4
183.42704510688782,0.0,5.4
183.58417010307312,0.0,5.4
183.74154615402222,0.0,5.4
183.89868998527527,0.0,5.4
184.05576395988464,0.0,5.4
184.21243000030518,0.0,5.4
184.36942315101624,0.0,5.4
184.52640914916992,0.0,5.4
184.68361592292786,0.0,5.4
184.84068393707275,0.0,5.4
184.99776411056519,0.0,5.4
185.1551170349121,0.0,5.4
185.3121039867401,0.0,5.4
185.46899914741516,0.0,5.4
185.625990152359,0.0,5.4
185.78263401985168,0.0,5.4
185.9397029876709,0.0,5.4
186.09663200378418,0.0,5.4
186.25386905670166,0.0,5.4
186.41099095344543,0.0,5.4
186.5680811405182,0.0,5.4
186.72516798973083,0.0,5.4
186.88229513168335,0.0,5.4
187.039391040802,0.0,5.4
187.1958589553833,0.0,5.4
187.35291504859924,0.0,5.4
187.5099320411682,0.0,5.4
187.66705298423767,0.0,5.4
187.824049949646,0.0,5.4
187.98116993904114,0.0,5.4
188.13841104507446,0.0,5.4
188.29554295539856,0.0,5.4
188.45253992080688,0.0,5.4
188.6095950603485,0.0,5.4
188.7667200565338,0.0,5.4
188.92368602752686,0.0,5.4
189.08065509796143,0.0,5.4
189.23799109458923,0.0,5.4
189.3949670791626,0.0,5.4
189.55175304412842,0.0,5.4
189.70880508422852,0.0,5.4
189.86594414710999,0.0,5.4
190.02299404144287,0.0,5.4
190.18006801605225,0.0,5.4
190.33711409568787,0.0,5.4
190.49420404434204,0.0,5.4
190.651211977005,0.0,5.4
190.80859303474426,0.0,5.4
190.9655740261078,0.0,5.4
191.12271308898926,0.0,5.4
191.27993512153625,0.0,5.4
191.4370300769806,0.0,5.4
191.5942120552063,0.0,5.4
191.7512390613556,0.0,5.4
191.90832114219666,0.0,5.4
192.065367937088,0.0,5.4
192.22249102592468,0.0,5.4
192.3795530796051,0.0,5.4
192.53656601905823,0.0,5.4
192.6935830116272,0.0,5.4
192.85006308555603,0.0,5.4
193.00696301460266,0.0,5.4
193.16381192207336,0.0,5.4
193.32083702087402,0.0,5.4
193.4778549671173,0.0,5.4
193.634868144989,0.0,5.4
193.7918689250946,0.0,5.4
193.9489300251007,0.0,5.4
194.1059000492096,0.0,5.4
194.26290893554688,0.0,5.4
194.41984009742737,0.0,5.4
194.57683396339417,0.0,5.4
194.7338571548462,0.0,5.4
194.89084100723267,0.0,5.4
195.04820704460144,0.0,5.4
195.20514607429504,0.0,5.4
195.36212611198425,0.0,5.4
195.51913404464722,0.0,5.4
195.67614102363586,0.0,5.4
195.83318996429443,0.0,5.4
195.99021792411804,0.0,5.4
196.14714694023132,0.0,5.4
196.30415201187134,0.0,5.4
196.461275100708,0.0,5.4
196.6183841228485,0.0,5.4
196.77542114257812,0.0,5.4
196.93244314193726,0.0,5.4
197.08943510055542,0.0,5.4
197.2465169429779,0.0,5.4
197.40354299545288,0.0,5.4
197.56063604354858,0.0,5.4
197.71796011924744,0.0,5.4
197.87506413459778,0.0,5.4
198.03211903572083,0.0,5.4
198.18943214416504,0.0,5.4
198.346617937088,0.0,5.4
198.50372195243835,0.0,5.4
198.66077613830566,0.0,5.4
198.81778001785278,0.0,5.4
198.97471404075623,0.0,5.4
199.13165712356567,0.0,5.4
199.28870797157288,0.0,5.4
199.44575095176697,0.0,5.4
199.60277605056763,0.0,5.4
199.75977396965027,0.0,5.4
199.91684699058533,0.0,5.4
200.07428312301636,0.0,5.4
200.23137497901917,0.0,5.4
200.3881800174713,0.0,5.4
200.54547595977783,0.0,5.4
200.70253205299377,0.0,5.4
200.85953092575073,0.0,5.4
201.01629495620728,0.0,5.4
201.17328715324402,0.0,5.4
201.3303201198578,0.0,5.4
201.4872829914093,0.0,5.4
201.64382314682007,0.0,5.4
201.80056500434875,0.0,5.4
201.95755314826965,0.0,5.4
202.11455011367798,0.0,5.4
202.27153396606445,0.0,5.4
202.42854595184326,0.0,5.4
202.58576607704163,0.0,5.4
202.7428479194641,0.0,5.4
202.89972400665283,0.0,5.4
203.05625700950623,0.0,5.4
203.21323800086975,0.0,5.4
203.37028193473816,0.0,5.4
203.52737092971802,0.0,5.4
203.6843581199646,0.0,5.4
203.84125900268555,0.0,5.4
203.99827814102173,0.0,5.4
204.1551661491394,0.0,5.4
204.31212496757507,0.0,5.4
204.46911311149597,0.0,5.4
204.62618398666382,0.0,5.4
204.78315997123718,0.0,5.4
204.94014811515808,0.0,5.4
205.0972340106964,0.0,5.4
205.2544059753418,0.0,5.4
205.41125011444092,0.0,5.4
205.56782793998718,0.0,5.4
205.7248899936676,0.0,5.4
205.8819580078125,0.0,5.4
206.03897500038147,0.0,5.4
206.19588494300842,0.0,5.4
206.35336112976074,0.0,5.4
206.51041913032532,0.0,5.4
206.6675090789795,0.0,5.4
206.82433414459229,0.0,5.4
206.98140692710876,0.0,5.4
207.13846898078918,0.0,5.4
207.29545402526855,0.0,5.4
207.45246601104736,0.0,5.4
207.6095130443573,0.0,5.4
207.76660299301147,0.0,5.4
207.92413997650146,0.0,5.4
208.08162903785706,0.0,5.4
208.23897910118103,0.0,5.4
208.39611291885376,0.0,5.4
208.55335211753845,0.0,5.4
208.7109100818634,0.0,5.4
208.86833596229553,0.0,5.4
209.0253200531006,0.0,5.4
209.1823239326477,0.0,5.4
209.3394820690155,0.0,5.4
209.49651408195496,0.0,5.4
209.6536419391632,0.0,5.4
209.8108389377594,0.0,5.4
209.9681830406189,0.0,5.4
210.1251721382141,6.7,5.4
210.2825310230255,0.0,5.4
210.43992114067078,0.0,5.4
210.5970311164856,0.0,5.4
210.75406503677368,0.0,5.4
210.9112250804901,0.0,5.4
211.06822299957275,0.0,5.4
211.22522711753845,0.0,5.4
211.38221311569214,0.0,5.4
211.53926515579224,0.0,5.4
211.6963710784912,0.0,5.4
211.85340905189514,0.0,5.4
212.01041197776794,0.0,5.4
212.16731810569763,0.0,5.4
212.32441115379333,0.0,5.4
212.48143696784973,0.0,5.4
