epoch,CPU,RAM
0.0,0.0,5.6
0.1552729606628418,0.0,5.6
0.3106269836425781,0.0,5.6
0.4660470485687256,0.0,5.6
0.6212940216064453,0.0,5.6
0.776500940322876,0.0,5.6
0.931879997253418,0.0,5.6
1.0872609615325928,0.0,5.6
1.2426230907440186,0.0,5.6
1.3980679512023926,0.0,5.6
1.553473949432373,0.0,5.6
1.7088959217071533,0.0,5.6
1.864164113998413,0.0,5.6
2.0194151401519775,0.0,5.6
2.1745870113372803,0.0,5.6
2.3297979831695557,0.0,5.6
2.485185146331787,0.0,5.6
2.6406021118164062,0.0,5.6
2.7959539890289307,0.0,5.6
2.9512319564819336,0.0,5.6
3.1069469451904297,20.0,5.6
3.2627439498901367,0.0,5.6
3.418884038925171,0.0,5.6
3.5770671367645264,0.0,5.6
3.732116937637329,0.0,5.6
3.887408971786499,0.0,5.6
4.043411016464233,0.0,5.6
4.199448108673096,0.0,5.6
4.355307102203369,0.0,5.6
4.51121711730957,0.0,5.6
4.667294025421143,0.0,5.6
4.823683977127075,0.0,5.6
4.978986024856567,0.0,5.6
5.134522914886475,0.0,5.6
5.290635108947754,0.0,5.6
5.445894956588745,0.0,5.6
5.601289987564087,0.0,5.6
5.756533145904541,0.0,5.6
5.91286301612854,0.0,5.6
6.069965124130249,6.7,5.6
6.225873947143555,0.0,5.6
6.381787061691284,0.0,5.6
6.537456035614014,0.0,5.6
6.692821025848389,0.0,5.6
6.848400115966797,0.0,5.6
7.003838062286377,0.0,5.6
7.159305095672607,0.0,5.6
7.314706087112427,0.0,5.6
7.470124006271362,0.0,5.6
7.625525951385498,0.0,5.6
7.780733108520508,0.0,5.6
7.935874938964844,0.0,5.6
8.091131925582886,0.0,5.6
8.246405124664307,0.0,5.6
8.40166711807251,0.0,5.6
8.556931018829346,0.0,5.6
8.71216106414795,0.0,5.6
8.867443084716797,0.0,5.6
9.022769927978516,0.0,5.6
9.178023099899292,0.0,5.6
9.333446025848389,0.0,5.6
9.488847970962524,0.0,5.6
9.644330024719238,0.0,5.6
9.799739122390747,0.0,5.6
9.955052137374878,0.0,5.6
10.110486030578613,0.0,5.6
10.265846014022827,0.0,5.6
10.421082019805908,0.0,5.6
10.576278924942017,0.0,5.6
10.731560945510864,0.0,5.6
10.886899948120117,0.0,5.6
11.042104005813599,0.0,5.6
11.197288990020752,0.0,5.6
11.352487087249756,0.0,5.6
11.508131980895996,0.0,5.6
11.6633460521698,0.0,5.6
11.818532943725586,0.0,5.6
11.97371506690979,0.0,5.6
12.128992080688477,0.0,5.6
12.28430700302124,0.0,5.6
12.43961501121521,0.0,5.6
12.594902992248535,0.0,5.6
12.750158071517944,0.0,5.6
12.905529975891113,0.0,5.6
13.06075406074524,0.0,5.6
13.215923070907593,0.0,5.6
13.371065139770508,0.0,5.6
13.526324033737183,0.0,5.6
13.68172001838684,0.0,5.6
13.8371000289917,0.0,5.6
13.992388010025024,0.0,5.6
14.147640943527222,0.0,5.6
14.302885055541992,0.0,5.6
14.458091974258423,0.0,5.6
14.613423109054565,0.0,5.6
14.76860499382019,0.0,5.6
14.923789024353027,0.0,5.6
15.079054117202759,0.0,5.6
15.234509944915771,0.0,5.6
15.389863014221191,0.0,5.6
15.545144081115723,0.0,5.6
15.70047402381897,0.0,5.6
15.855705976486206,0.0,5.6
16.0109601020813,0.0,5.6
16.16640305519104,0.0,5.6
16.32183599472046,0.0,5.6
16.477049112319946,0.0,5.6
16.63232707977295,0.0,5.6
16.787904977798462,0.0,5.6
16.943392038345337,0.0,5.6
17.098761081695557,0.0,5.6
17.254224061965942,0.0,5.6
17.409584045410156,0.0,5.6
17.564913034439087,0.0,5.6
17.720252990722656,0.0,5.6
17.875499963760376,0.0,5.6
18.030627012252808,0.0,5.6
18.185823917388916,0.0,5.6
18.340996980667114,0.0,5.6
18.496158123016357,0.0,5.6
18.651448965072632,0.0,5.6
18.806741952896118,0.0,5.6
18.96200394630432,0.0,5.6
19.117258071899414,0.0,5.6
19.272552967071533,0.0,5.6
19.427823066711426,0.0,5.6
19.583136081695557,0.0,5.6
19.738553047180176,0.0,5.6
19.893743991851807,0.0,5.6
20.0489559173584,0.0,5.6
20.2043240070343,0.0,5.6
20.359703063964844,0.0,5.6
20.51493191719055,0.0,5.6
20.67029094696045,0.0,5.6
20.82567811012268,0.0,5.6
20.98115301132202,0.0,5.6
21.13646912574768,0.0,5.6
21.291715145111084,0.0,5.6
21.4469051361084,0.0,5.6
21.60215401649475,0.0,5.6
21.75730609893799,0.0,5.6
21.912522077560425,0.0,5.6
22.06786608695984,0.0,5.6
22.223083019256592,0.0,5.6
22.37828493118286,0.0,5.6
22.53362202644348,0.0,5.6
22.688807010650635,0.0,5.6
22.843966007232666,0.0,5.6
22.999119997024536,0.0,5.6
23.1544349193573,0.0,5.6
23.309618949890137,0.0,5.6
23.464879035949707,0.0,5.6
23.620089054107666,0.0,5.6
23.77525496482849,0.0,5.6
23.930397033691406,0.0,5.6
24.085572004318237,0.0,5.6
24.240872144699097,0.0,5.6
24.396268129348755,0.0,5.6
24.551569938659668,0.0,5.6
24.70674991607666,0.0,5.6
24.86210012435913,0.0,5.6
25.017441034317017,0.0,5.6
25.172675132751465,0.0,5.6
25.32786202430725,0.0,5.6
25.48301911354065,0.0,5.6
25.63822603225708,0.0,5.6
25.79339098930359,0.0,5.6
25.94857096672058,0.0,5.6
26.10370397567749,0.0,5.6
26.258822917938232,0.0,5.6
26.414129972457886,0.0,5.6
26.569404125213623,0.0,5.6
26.724618911743164,0.0,5.6
26.879935026168823,0.0,5.6
27.035162925720215,0.0,5.6
27.19041395187378,0.0,5.6
27.345890998840332,0.0,5.6
27.501358032226562,0.0,5.6
27.656981945037842,0.0,5.6
27.812236070632935,0.0,5.6
27.967466115951538,0.0,5.6
28.12278914451599,0.0,5.6
28.278057098388672,0.0,5.6
28.43347692489624,0.0,5.6
28.588741064071655,0.0,5.6
28.743937969207764,0.0,5.6
28.899287939071655,0.0,5.6
29.054548025131226,0.0,5.6
29.20980405807495,0.0,5.6
29.36505699157715,0.0,5.6
29.520328044891357,0.0,5.6
29.675657033920288,0.0,5.6
29.830878973007202,0.0,5.6
29.986191034317017,0.0,5.6
30.141436100006104,0.0,5.6
30.296741008758545,0.0,5.6
30.45203709602356,0.0,5.6
30.60729193687439,0.0,5.6
30.762732982635498,0.0,5.6
30.91815495491028,0.0,5.6
31.07340693473816,0.0,5.6
31.228687047958374,0.0,5.6
31.383996963500977,0.0,5.6
31.539268970489502,0.0,5.6
31.694463968276978,0.0,5.6
31.849748134613037,0.0,5.6
32.00509214401245,0.0,5.6
32.16028714179993,0.0,5.6
32.31538510322571,0.0,5.6
32.47075700759888,0.0,5.6
32.62597894668579,0.0,5.6
32.78113794326782,0.0,5.6
32.936310052871704,0.0,5.6
33.09150791168213,0.0,5.6
33.24668097496033,0.0,5.6
33.401896953582764,0.0,5.6
33.55715799331665,0.0,5.6
33.71243214607239,0.0,5.6
33.867857933044434,0.0,5.6
34.02324295043945,0.0,5.6
34.1784451007843,0.0,5.6
34.33357310295105,0.0,5.6
34.48872900009155,0.0,5.6
34.64391303062439,0.0,5.6
34.79911398887634,0.0,5.6
34.95434212684631,0.0,5.6
35.109535932540894,0.0,5.6
35.26484203338623,0.0,5.6
35.42010307312012,6.7,5.6
35.5755729675293,0.0,5.6
35.730847120285034,0.0,5.6
35.88621497154236,0.0,5.6
36.04140901565552,0.0,5.6
36.19658303260803,0.0,5.6
36.351820945739746,0.0,5.6
36.5072820186615,0.0,5.6
36.66260313987732,0.0,5.6
36.81787395477295,0.0,5.6
36.97309398651123,0.0,5.6
37.128469944000244,0.0,5.6
37.28380513191223,0.0,5.6
37.439088106155396,0.0,5.6
37.59434413909912,0.0,5.6
37.74951410293579,0.0,5.6
37.904688119888306,0.0,5.6
38.059869050979614,0.0,5.6
38.215177059173584,0.0,5.6
38.370588064193726,0.0,5.6
38.52587604522705,0.0,5.6
38.68119812011719,0.0,5.6
38.836430072784424,0.0,5.6
38.991738080978394,0.0,5.6
39.14692711830139,0.0,5.6
39.30214810371399,0.0,5.6
39.45737314224243,0.0,5.6
39.61260104179382,0.0,5.6
39.767765045166016,0.0,5.6
39.922898054122925,0.0,5.6
40.078036069869995,0.0,5.6
40.23327302932739,0.0,5.6
40.38816714286804,0.0,5.6
40.543452978134155,0.0,5.6
40.698912143707275,0.0,5.6
40.854432106018066,0.0,5.6
41.00984501838684,0.0,5.6
41.165080070495605,0.0,5.6
41.320261001586914,0.0,5.6
41.47551107406616,0.0,5.6
41.63084602355957,0.0,5.6
41.786126136779785,0.0,5.6
41.94133400917053,0.0,5.6
42.09650993347168,0.0,5.6
42.251686096191406,0.0,5.6
42.4068660736084,0.0,5.6
42.562119007110596,0.0,5.6
42.71731114387512,0.0,5.6
42.872467041015625,0.0,5.6
43.02762508392334,0.0,5.6
43.18276906013489,0.0,5.6
43.33798599243164,0.0,5.6
43.493314027786255,0.0,5.6
43.64854097366333,0.0,5.6
43.80373692512512,0.0,5.6
43.958903074264526,0.0,5.6
44.11418104171753,0.0,5.6
44.26954197883606,0.0,5.6
44.424724102020264,0.0,5.6
44.57996892929077,0.0,5.6
44.735203981399536,0.0,5.6
44.890531063079834,0.0,5.6
45.045711040496826,0.0,5.6
45.200881004333496,0.0,5.6
45.35612607002258,0.0,5.6
45.51138091087341,0.0,5.6
45.66675305366516,0.0,5.6
45.82205104827881,0.0,5.6
45.97743892669678,0.0,5.6
46.13269901275635,0.0,5.6
46.287956953048706,0.0,5.6
46.443225145339966,0.0,5.6
46.598448038101196,0.0,5.6
46.753597021102905,0.0,5.6
46.90879702568054,0.0,5.6
47.06395697593689,0.0,5.6
47.21935701370239,0.0,5.6
47.37474513053894,0.0,5.6
47.530092000961304,0.0,5.6
47.68546795845032,0.0,5.6
47.840686082839966,0.0,5.6
47.995856046676636,0.0,5.6
48.151005029678345,0.0,5.6
48.30622410774231,0.0,5.6
48.461503982543945,0.0,5.6
48.61680006980896,0.0,5.6
48.77218198776245,0.0,5.6
48.92750906944275,0.0,5.6
49.08279991149902,0.0,5.6
49.238033056259155,0.0,5.6
49.393234968185425,0.0,5.6
49.5484139919281,0.0,5.6
49.70363998413086,0.0,5.6
49.85892701148987,0.0,5.6
50.01408505439758,0.0,5.6
50.16923213005066,0.0,5.6
50.32447910308838,0.0,5.6
50.47980999946594,0.0,5.6
50.635021924972534,0.0,5.6
50.790229082107544,0.0,5.6
50.945586919784546,0.0,5.6
51.10094904899597,0.0,5.6
51.2563419342041,0.0,5.6
51.4119770526886,0.0,5.6
51.56719493865967,0.0,5.6
51.722419023513794,0.0,5.6
51.877565145492554,0.0,5.6
52.032732009887695,0.0,5.6
52.18787598609924,0.0,5.6
52.34310007095337,0.0,5.6
52.49845004081726,0.0,5.6
52.6537070274353,0.0,5.6
52.80892300605774,6.7,5.6
52.96403503417969,0.0,5.6
53.11920714378357,0.0,5.6
53.27448606491089,0.0,5.6
53.42976713180542,0.0,5.6
53.58514595031738,0.0,5.6
53.74038505554199,0.0,5.6
53.89562106132507,0.0,5.6
54.05077910423279,0.0,5.6
54.20594811439514,0.0,5.6
54.36114192008972,0.0,5.6
54.51641798019409,0.0,5.6
54.67170596122742,0.0,5.6
54.8268940448761,0.0,5.6
54.98203492164612,0.0,5.6
55.13717603683472,0.0,5.6
55.29233503341675,0.0,5.6
55.44751191139221,0.0,5.6
55.602729082107544,0.0,5.6
55.75788712501526,0.0,5.6
55.91307592391968,0.0,5.6
56.06821608543396,0.0,5.6
56.22344207763672,0.0,5.6
56.37877011299133,0.0,5.6
56.534083127975464,0.0,5.6
56.68944001197815,0.0,5.6
56.84467697143555,0.0,5.6
56.9998300075531,0.0,5.6
57.155060052871704,0.0,5.6
57.31036710739136,0.0,5.6
57.465800046920776,0.0,5.6
57.621153116226196,0.0,5.6
57.776365995407104,0.0,5.6
57.93159103393555,0.0,5.6
58.086791038513184,0.0,5.6
58.24200105667114,0.0,5.6
58.39718198776245,0.0,5.6
58.55236196517944,0.0,5.6
58.70756411552429,0.0,5.6
58.862663984298706,0.0,5.6
59.017796993255615,0.0,5.6
59.1729531288147,0.0,5.6
59.32819199562073,0.0,5.6
59.483494997024536,0.0,5.6
59.6387619972229,0.0,5.6
59.793999910354614,0.0,5.6
59.94913101196289,0.0,5.6
60.10441303253174,0.0,5.6
60.25972008705139,0.0,5.6
60.414971113204956,0.0,5.6
60.57020592689514,0.0,5.6
60.72547507286072,0.0,5.6
60.88096213340759,0.0,5.6
61.036142110824585,0.0,5.6
61.19135904312134,0.0,5.6
61.346235036849976,0.0,5.6
61.501452922821045,0.0,5.6
61.6566801071167,0.0,5.6
61.81186103820801,0.0,5.6
61.967092990875244,0.0,5.6
62.12231707572937,0.0,5.6
62.27773594856262,0.0,5.6
62.433100938797,0.0,5.6
62.58835005760193,0.0,5.6
62.74353003501892,0.0,5.6
62.898688077926636,0.0,5.6
63.05382800102234,0.0,5.6
63.208964109420776,0.0,5.6
63.36411094665527,0.0,5.6
63.519437074661255,0.0,5.6
63.674736976623535,0.0,5.6
63.829999923706055,0.0,5.6
63.98528599739075,0.0,5.6
64.1406979560852,0.0,5.6
64.29632997512817,0.0,5.6
64.4515209197998,0.0,5.6
64.60671591758728,0.0,5.6
64.76193714141846,0.0,5.6
64.91713094711304,0.0,5.6
65.07232213020325,0.0,5.6
65.22754693031311,0.0,5.6
65.38281297683716,0.0,5.6
65.53806400299072,0.0,5.6
65.6932590007782,0.0,5.6
65.84840297698975,0.0,5.6
66.0035560131073,0.0,5.6
66.15883708000183,0.0,5.6
66.31414103507996,0.0,5.6
66.46941804885864,0.0,5.6
66.62465000152588,0.0,5.6
66.77984094619751,0.0,5.6
66.93500804901123,0.0,5.6
67.09023094177246,0.0,5.6
67.24564409255981,0.0,5.6
67.40111899375916,0.0,5.6
67.55648398399353,0.0,5.6
67.7117850780487,0.0,5.6
67.86709308624268,0.0,5.6
68.02235507965088,0.0,5.6
68.1777560710907,0.0,5.6
68.3330590724945,0.0,5.6
68.4882481098175,0.0,5.6
68.64353609085083,0.0,5.6
68.79865097999573,0.0,5.6
68.9537980556488,0.0,5.6
69.10898399353027,0.0,5.6
69.26414012908936,0.0,5.6
69.41948199272156,0.0,5.6
69.57488012313843,0.0,5.6
69.73030591011047,0.0,5.6
69.88568806648254,0.0,5.6
70.04099011421204,0.0,5.6
70.19613099098206,0.0,5.6
70.35128092765808,0.0,5.6
70.50643396377563,0.0,5.6
70.66174411773682,0.0,5.6
70.81716394424438,0.0,5.6
70.97239995002747,0.0,5.6
71.12777805328369,0.0,5.6
71.28316307067871,0.0,5.6
71.43855404853821,0.0,5.6
71.5938150882721,0.0,5.6
71.74903392791748,0.0,5.6
71.9041919708252,0.0,5.6
72.05939292907715,0.0,5.6
72.21474099159241,0.0,5.6
72.3701491355896,0.0,5.6
72.52539992332458,0.0,5.6
72.68062806129456,0.0,5.6
72.83586406707764,0.0,5.6
72.99107313156128,0.0,5.6
73.14644312858582,0.0,5.6
73.30162596702576,0.0,5.6
73.45684099197388,0.0,5.6
73.6120080947876,0.0,5.6
73.76723408699036,0.0,5.6
73.92243003845215,0.0,5.6
74.07764291763306,0.0,5.6
74.23303008079529,0.0,5.6
74.38840413093567,0.0,5.6
74.54367899894714,0.0,5.6
74.6987030506134,0.0,5.6
74.85427904129028,0.0,5.6
75.00951099395752,0.0,5.6
75.16467094421387,0.0,5.6
75.31980204582214,0.0,5.6
75.47504091262817,0.0,5.6
75.63026094436646,0.0,5.6
75.7854311466217,0.0,5.6
75.94059991836548,0.0,5.6
76.0958890914917,0.0,5.6
76.25127291679382,0.0,5.6
76.40664410591125,0.0,5.6
76.56191110610962,0.0,5.6
76.71708512306213,0.0,5.6
76.87256407737732,0.0,5.6
77.02773594856262,0.0,5.6
77.18287706375122,0.0,5.6
77.33803391456604,6.7,5.6
77.49316692352295,0.0,5.6
77.64837694168091,0.0,5.6
77.8037121295929,0.0,5.6
77.95896697044373,0.0,5.6
78.11416411399841,0.0,5.6
78.26936292648315,0.0,5.6
78.42472910881042,0.0,5.6
78.57996892929077,0.0,5.6
78.73518896102905,0.0,5.6
78.8905930519104,0.0,5.6
79.04593205451965,0.0,5.6
79.20113205909729,0.0,5.6
79.35633611679077,0.0,5.6
79.51149296760559,0.0,5.6
79.666757106781,0.0,5.6
79.82212591171265,0.0,5.6
79.97767901420593,0.0,5.6
80.13292002677917,0.0,5.6
80.288241147995,0.0,5.6
80.44351696968079,0.0,5.6
80.59886193275452,0.0,5.6
80.75424909591675,0.0,5.6
80.90968608856201,0.0,5.6
81.0649471282959,0.0,5.6
81.220134973526,0.0,5.6
81.37534403800964,0.0,5.6
81.53062891960144,0.0,5.6
81.68602108955383,0.0,5.6
81.84129595756531,0.0,5.6
81.99642992019653,0.0,5.6
82.15159893035889,0.0,5.6
82.30682706832886,0.0,5.6
82.46221494674683,0.0,5.6
82.61757302284241,0.0,5.6
82.77285099029541,0.0,5.6
82.92804408073425,0.0,5.6
83.08322811126709,0.0,5.6
83.23837399482727,0.0,5.6
83.39353108406067,0.0,5.6
83.54874801635742,0.0,5.6
83.70392608642578,0.0,5.6
83.85907411575317,0.0,5.6
84.01419997215271,0.0,5.6
84.16951608657837,0.0,5.6
84.3247299194336,0.0,5.6
84.48009610176086,0.0,5.6
84.63545203208923,0.0,5.6
84.79081392288208,0.0,5.6
84.946053981781,0.0,5.6
85.1014051437378,0.0,5.6
85.25675201416016,0.0,5.6
85.41207909584045,0.0,5.6
85.56745195388794,0.0,5.6
85.72275114059448,0.0,5.6
85.87797904014587,0.0,5.6
86.03317999839783,0.0,5.6
86.18837714195251,0.0,5.6
86.34355998039246,0.0,5.6
86.4988420009613,0.0,5.6
86.6540629863739,0.0,5.6
86.8092679977417,0.0,5.6
86.96439814567566,0.0,5.6
87.1197121143341,0.0,5.6
87.27533507347107,0.0,5.6
87.4307050704956,0.0,5.6
87.58618593215942,0.0,5.6
87.7415280342102,0.0,5.6
87.89678406715393,0.0,5.6
88.05193901062012,0.0,5.6
88.20707893371582,0.0,5.6
88.36230611801147,0.0,5.6
88.51752591133118,0.0,5.6
88.67280793190002,0.0,5.6
88.82806992530823,0.0,5.6
88.98329901695251,0.0,5.6
89.13857793807983,0.0,5.6
89.29390406608582,0.0,5.6
89.44916105270386,0.0,5.6
89.6043610572815,0.0,5.6
89.75955700874329,0.0,5.6
89.91487503051758,0.0,5.6
90.07006907463074,0.0,5.6
90.22523093223572,0.0,5.6
90.38041114807129,0.0,5.6
90.53564810752869,0.0,5.6
90.69105696678162,0.0,5.6
90.84648299217224,0.0,5.6
91.0016679763794,0.0,5.6
91.15681505203247,0.0,5.6
91.31210207939148,0.0,5.6
91.46748805046082,0.0,5.6
91.62287902832031,0.0,5.6
91.77827095985413,0.0,5.6
91.93350195884705,0.0,5.6
92.08867192268372,0.0,5.6
92.24385404586792,0.0,5.6
92.39902305603027,0.0,5.6
92.5542860031128,0.0,5.6
92.70946407318115,0.0,5.6
92.8646399974823,0.0,5.6
93.01982593536377,0.0,5.6
93.17509007453918,0.0,5.6
93.3303050994873,0.0,5.6
93.48557496070862,0.0,5.6
93.64077806472778,0.0,5.6
93.79592394828796,0.0,5.6
93.95119404792786,0.0,5.6
94.1064989566803,0.0,5.6
94.26184105873108,0.0,5.6
94.41705894470215,0.0,5.6
94.57234597206116,0.0,5.6
94.72751212120056,0.0,5.6
94.88279104232788,0.0,5.6
95.03800010681152,0.0,5.6
95.19312310218811,0.0,5.6
95.34823203086853,0.0,5.6
95.50351595878601,0.0,5.6
95.65869903564453,0.0,5.6
95.81387400627136,0.0,5.6
95.96904301643372,0.0,5.6
96.12419009208679,0.0,5.6
96.2793960571289,0.0,5.6
96.43463397026062,0.0,5.6
96.58983111381531,0.0,5.6
96.74500608444214,0.0,5.6
96.90026998519897,0.0,5.6
97.05550503730774,0.0,5.6
97.21079111099243,0.0,5.6
97.3660409450531,0.0,5.6
97.5212390422821,0.0,5.6
97.67640995979309,0.0,5.6
97.83158206939697,0.0,5.6
97.98674297332764,0.0,5.6
98.1418571472168,0.0,5.6
98.29704999923706,0.0,5.6
98.4522430896759,0.0,5.6
98.60746192932129,0.0,5.6
98.76275300979614,0.0,5.6
98.91798710823059,0.0,5.6
99.0731360912323,0.0,5.6
99.22831606864929,0.0,5.6
99.38389205932617,0.0,5.6
99.53923511505127,0.0,5.6
99.69448113441467,0.0,5.6
99.84974193572998,0.0,5.6
100.0050699710846,0.0,5.6
100.16027402877808,0.0,5.6
100.3154399394989,0.0,5.6
100.4707601070404,0.0,5.6
100.6260941028595,0.0,5.6
100.7814199924469,0.0,5.6
100.9369421005249,0.0,5.6
101.09212708473206,0.0,5.6
101.2472870349884,0.0,5.6
101.40254712104797,0.0,5.6
101.5577609539032,0.0,5.6
101.7129909992218,0.0,5.6
101.86816000938416,0.0,5.6
102.02334499359131,0.0,5.6
102.17854499816895,0.0,5.6
102.33368396759033,0.0,5.6
102.48883104324341,0.0,5.6
102.6440019607544,0.0,5.6
102.79921293258667,0.0,5.6
102.954421043396,0.0,5.6
103.10955500602722,0.0,5.6
103.26473093032837,0.0,5.6
103.41995906829834,0.0,5.6
103.57522392272949,0.0,5.6
103.73053002357483,0.0,5.6
103.8857319355011,0.0,5.6
104.04087805747986,0.0,5.6
104.19633603096008,0.0,5.6
104.35193610191345,0.0,5.6
104.50709104537964,0.0,5.6
104.66224908828735,0.0,5.6
104.81739711761475,0.0,5.6
104.97266292572021,0.0,5.6
105.12791514396667,0.0,5.6
105.2832419872284,0.0,5.6
105.43843913078308,0.0,5.6
105.5936529636383,0.0,5.6
105.74880909919739,0.0,5.6
105.90394496917725,0.0,5.6
106.0592429637909,0.0,5.6
106.21446013450623,0.0,5.6
106.36962795257568,0.0,5.6
106.52494812011719,0.0,5.6
106.68010210990906,0.0,5.6
106.83554005622864,0.0,5.6
106.99095010757446,0.0,5.6
107.14630103111267,0.0,5.6
107.30168604850769,0.0,5.6
107.45702791213989,0.0,5.6
107.61226892471313,0.0,5.6
107.7675039768219,0.0,5.6
107.92281198501587,0.0,5.6
108.07802891731262,0.0,5.6
108.23321294784546,0.0,5.6
108.38840699195862,0.0,5.6
108.54382610321045,0.0,5.6
108.69920802116394,0.0,5.6
108.85446500778198,0.0,5.6
109.00984692573547,0.0,5.6
109.16508603096008,0.0,5.6
109.32023191452026,0.0,5.6
109.47552299499512,0.0,5.6
109.63086795806885,0.0,5.6
109.78608298301697,0.0,5.6
109.94124007225037,0.0,5.6
110.09636211395264,0.0,5.6
110.25152611732483,0.0,5.6
110.40672206878662,0.0,5.6
110.56194305419922,0.0,5.6
110.71712803840637,0.0,5.6
110.87257409095764,0.0,5.6
111.02779507637024,0.0,5.6
111.18302392959595,0.0,5.6
111.33817505836487,0.0,5.6
111.4933590888977,0.0,5.6
111.64860391616821,0.0,5.6
111.80386209487915,0.0,5.6
111.95903491973877,0.0,5.6
112.11416912078857,0.0,5.6
112.26942110061646,0.0,5.6
112.42465496063232,0.0,5.6
112.58005404472351,0.0,5.6
112.73543810844421,0.0,5.6
112.89071297645569,0.0,5.6
113.04601097106934,0.0,5.6
113.20122909545898,0.0,5.6
113.35637092590332,0.0,5.6
113.51159501075745,0.0,5.6
113.66680002212524,0.0,5.6
113.82198214530945,0.0,5.6
113.9771831035614,0.0,5.6
114.13252806663513,0.0,5.6
114.28788208961487,0.0,5.6
114.44327712059021,0.0,5.6
114.59863805770874,0.0,5.6
114.75398302078247,0.0,5.6
114.90922403335571,0.0,5.6
115.06436014175415,0.0,5.6
115.2196090221405,0.0,5.6
115.37523007392883,0.0,5.6
115.53060793876648,0.0,5.6
115.68603992462158,0.0,5.6
115.84142994880676,0.0,5.6
115.99676513671875,0.0,5.6
116.15200710296631,0.0,5.6
116.30728101730347,0.0,5.6
116.46265411376953,0.0,5.6
116.617919921875,0.0,5.6
116.77320098876953,0.0,5.6
116.92844295501709,0.0,5.6
117.08377695083618,0.0,5.6
117.23899412155151,0.0,5.6
117.39420509338379,0.0,5.6
117.5494270324707,0.0,5.6
117.70464205741882,0.0,5.6
117.85983300209045,0.0,5.6
118.01500296592712,0.0,5.6
118.17021107673645,0.0,5.6
118.32548308372498,0.0,5.6
118.48077511787415,0.0,5.6
118.63615012168884,6.7,5.6
118.79151701927185,0.0,5.6
118.94692206382751,0.0,5.6
119.102126121521,0.0,5.6
119.25729393959045,0.0,5.6
119.41266202926636,0.0,5.6
119.56799602508545,0.0,5.6
119.72320604324341,0.0,5.6
119.87836003303528,0.0,5.6
120.03350591659546,0.0,5.6
120.18866014480591,0.0,5.6
120.34383392333984,0.0,5.6
120.49896311759949,0.0,5.6
120.65423607826233,0.0,5.6
120.80972504615784,0.0,5.6
120.96492910385132,0.0,5.6
121.12004899978638,0.0,5.6
121.27527213096619,0.0,5.6
121.4306800365448,0.0,5.6
121.58612298965454,0.0,5.6
121.74156308174133,0.0,5.6
121.89691591262817,0.0,5.6
122.05220103263855,0.0,5.6
122.20749998092651,0.0,5.6
122.36279511451721,0.0,5.6
122.51807498931885,0.0,5.6
122.67342495918274,0.0,5.6
122.82880806922913,0.0,5.6
122.98414492607117,0.0,5.6
123.13943910598755,0.0,5.6
123.29471111297607,0.0,5.6
123.44998407363892,0.0,5.6
123.60535502433777,0.0,5.6
123.76073002815247,0.0,5.6
123.91610193252563,0.0,5.6
124.07143902778625,0.0,5.6
124.22677612304688,0.0,5.6
124.3821930885315,0.0,5.6
124.53743314743042,0.0,5.6
124.692626953125,0.0,5.6
124.84777998924255,0.0,5.6
125.00292110443115,0.0,5.6
125.1581039428711,0.0,5.6
125.31323504447937,0.0,5.6
125.46837711334229,0.0,5.6
125.62371802330017,0.0,5.6
125.77901005744934,0.0,5.6
125.93421792984009,0.0,5.6
126.08883094787598,0.0,5.6
126.24441003799438,0.0,5.6
126.3996889591217,0.0,5.6
126.55493903160095,0.0,5.6
126.7100920677185,0.0,5.6
126.86544895172119,0.0,5.6
127.02087593078613,0.0,5.6
127.17621397972107,0.0,5.6
127.33173894882202,0.0,5.6
127.48710703849792,0.0,5.6
127.64239406585693,0.0,5.6
127.79763507843018,0.0,5.6
127.95278596878052,0.0,5.6
128.10795497894287,0.0,5.6
128.26315999031067,0.0,5.6
128.4182960987091,0.0,5.6
128.5735149383545,0.0,5.6
128.72871208190918,0.0,5.6
128.88389205932617,0.0,5.6
129.03920698165894,0.0,5.6
129.1943380832672,0.0,5.6
129.34960103034973,0.0,5.6
129.50480914115906,0.0,5.6
129.66004300117493,0.0,5.6
129.81528997421265,0.0,5.6
129.97046208381653,0.0,5.6
130.12559700012207,0.0,5.6
130.2807469367981,0.0,5.6
130.43596601486206,0.0,5.6
130.59130597114563,0.0,5.6
130.7465479373932,0.0,5.6
130.90195894241333,0.0,5.6
131.0572669506073,0.0,5.6
131.2125060558319,0.0,5.6
131.36768794059753,0.0,5.6
131.52287101745605,0.0,5.6
131.67813897132874,0.0,5.6
131.83338499069214,0.0,5.6
131.98856496810913,0.0,5.6
132.14366912841797,0.0,5.6
132.2989399433136,0.0,5.6
132.4544780254364,0.0,5.6
132.61010193824768,0.0,5.6
132.76529812812805,0.0,5.6
132.92058396339417,0.0,5.6
133.0757179260254,0.0,5.6
133.23087096214294,0.0,5.6
133.38602304458618,0.0,5.6
133.54133701324463,0.0,5.6
133.6965479850769,0.0,5.6
133.85170912742615,0.0,5.6
134.00693106651306,0.0,5.6
134.16221809387207,0.0,5.6
134.31743693351746,0.0,5.6
134.4728090763092,0.0,5.6
134.62808108329773,0.0,5.6
134.78325295448303,0.0,5.6
134.9384250640869,0.0,5.6
135.09360694885254,0.0,5.6
135.24879097938538,0.0,5.6
135.4040241241455,0.0,5.6
135.55924606323242,0.0,5.6
135.71444606781006,0.0,5.6
135.86985301971436,0.0,5.6
136.02508211135864,0.0,5.6
136.18025612831116,0.0,5.6
136.33545112609863,0.0,5.6
136.49079608917236,0.0,5.6
136.64601612091064,0.0,5.6
136.8011999130249,0.0,5.6
136.95674014091492,0.0,5.6
137.11192107200623,0.0,5.6
137.26730298995972,0.0,5.6
137.42261910438538,0.0,5.6
137.57789206504822,0.0,5.6
137.73303508758545,0.0,5.6
137.8882179260254,0.0,5.6
138.04345798492432,0.0,5.6
138.19879913330078,0.0,5.6
138.35400009155273,0.0,5.6
138.50935697555542,0.0,5.6
138.66455912590027,0.0,5.6
138.8197820186615,0.0,5.6
138.9749240875244,0.0,5.6
139.13014602661133,0.0,5.6
139.2855589389801,0.0,5.6
139.44089913368225,0.0,5.6
139.59616613388062,0.0,5.6
139.75144505500793,0.0,5.6
139.90682411193848,0.0,5.6
140.0620300769806,0.0,5.6
140.21716713905334,0.0,5.6
140.3723521232605,0.0,5.6
140.52761793136597,0.0,5.6
140.68286800384521,0.0,5.6
140.8383400440216,0.0,5.6
140.99355792999268,0.0,5.6
141.14869093894958,0.0,5.6
141.30388712882996,0.0,5.6
141.45926713943481,0.0,5.6
141.61447596549988,0.0,5.6
141.7696030139923,0.0,5.6
141.92484593391418,0.0,5.6
142.07998704910278,0.0,5.6
142.23517894744873,0.0,5.6
142.39032912254333,0.0,5.6
142.54556608200073,0.0,5.6
142.70090794563293,0.0,5.6
142.856183052063,0.0,5.6
143.011461019516,0.0,5.6
143.16685605049133,0.0,5.6
143.32229495048523,0.0,5.6
143.47767901420593,0.0,5.6
143.63306212425232,0.0,5.6
143.78825306892395,0.0,5.6
143.94349908828735,0.0,5.6
144.0989670753479,0.0,5.6
144.25446605682373,13.3,5.6
144.41015601158142,0.0,5.6
144.56556701660156,0.0,5.6
144.72075009346008,0.0,5.6
144.87601494789124,0.0,5.6
145.0312831401825,0.0,5.6
145.186439037323,0.0,5.6
145.34162497520447,0.0,5.6
145.4969699382782,0.0,5.6
145.65224814414978,0.0,5.6
145.8074550628662,0.0,5.6
145.96275901794434,0.0,5.6
146.11794114112854,0.0,5.6
146.27312898635864,0.0,5.6
146.4283230304718,0.0,5.6
146.58354806900024,0.0,5.6
146.73880004882812,0.0,5.6
146.89406394958496,0.0,5.6
147.04943108558655,0.0,5.6
147.20495104789734,0.0,5.6
147.36053204536438,0.0,5.6
147.51585793495178,0.0,5.6
147.67116904258728,0.0,5.6
147.82645893096924,0.0,5.6
147.98174500465393,0.0,5.6
148.13696002960205,0.0,5.6
148.2921690940857,0.0,5.6
148.44751811027527,0.0,5.6
148.60277605056763,0.0,5.6
148.757954120636,0.0,5.6
148.91314101219177,0.0,5.6
149.0682990550995,0.0,5.6
149.22349095344543,0.0,5.6
