epoch,CPU,RAM
0.0,213.3,4.8999999999999995
0.1576070785522461,168.8,5.0
0.3154430389404297,166.7,5.199999999999999
0.47159910202026367,120.0,5.3
0.6289279460906982,126.7,5.3999999999999995
0.7857029438018799,186.7,5.5
0.9429740905761719,226.7,5.5
1.100269079208374,133.3,5.6
1.2575170993804932,213.3,5.699999999999999
1.4151389598846436,253.3,5.699999999999999
1.5726039409637451,293.3,5.699999999999999
1.73020601272583,226.7,5.8999999999999995
1.8875439167022705,181.2,6.0
2.0445499420166016,260.0,6.1
2.202186107635498,173.3,6.199999999999999
2.359055995941162,240.0,6.5
2.517025947570801,125.0,6.5
2.6739139556884766,146.7,6.5
2.830860137939453,240.0,6.6
2.9882071018218994,280.0,6.8
3.1452770233154297,313.3,6.8999999999999995
3.3025951385498047,306.7,7.0
3.46059513092041,266.7,7.0
3.6185591220855713,340.0,7.0
3.778510093688965,293.3,7.3
3.9358460903167725,306.7,7.6
4.0979979038238525,326.7,7.699999999999999
4.257635116577148,146.7,7.8999999999999995
4.4151599407196045,120.0,8.0
4.572475910186768,120.0,8.0
4.730246067047119,180.0,8.0
4.889877080917358,120.0,8.0
5.047708988189697,160.0,8.2
5.205325126647949,280.0,8.2
5.362855911254883,120.0,8.2
5.520096063613892,220.0,8.2
5.676242113113403,173.3,8.2
5.833168029785156,186.7,8.2
5.9900360107421875,120.0,8.3
6.1469810009002686,187.5,8.3
6.305211067199707,226.7,8.3
6.463655948638916,160.0,8.5
6.62165093421936,226.7,8.7
6.78041410446167,240.0,9.0
6.937807083129883,200.0,9.0
7.097521066665649,300.0,9.0
7.255795001983643,353.3,9.1
7.412904977798462,313.3,9.1
7.5705859661102295,340.0,9.1
7.7273430824279785,306.2,9.2
7.883753061294556,366.7,9.399999999999999
8.040343046188354,346.7,9.3
8.197699069976807,353.3,9.399999999999999
8.354201078414917,293.3,9.7
8.512063980102539,286.7,9.8
8.67434811592102,220.0,9.8
8.83298110961914,300.0,9.8
8.990934133529663,300.0,9.899999999999999
9.148544073104858,266.7,9.899999999999999
9.30548906326294,126.7,9.899999999999999
9.463130950927734,246.7,9.899999999999999
9.620824098587036,320.0,10.0
9.778103113174438,333.3,10.1
9.935471057891846,306.7,10.0
10.097443103790283,331.2,10.5
10.255211114883423,320.0,10.399999999999999
10.412684917449951,320.0,10.5
10.570133924484253,280.0,10.5
10.72810697555542,280.0,10.7
10.885396003723145,253.3,10.6
11.043477058410645,46.7,10.6
11.201448917388916,6.7,10.6
11.359231948852539,0.0,10.6
11.51661992073059,0.0,10.6
11.67437195777893,0.0,10.6
11.832168102264404,0.0,10.6
11.989741086959839,6.7,10.6
12.147481918334961,0.0,10.6
12.305269956588745,0.0,10.6
12.463021039962769,0.0,10.6
12.62047290802002,0.0,10.6
12.77783203125,0.0,10.6
12.935477018356323,0.0,10.6
13.093337059020996,0.0,10.6
13.250865936279297,0.0,10.6
13.40862512588501,0.0,10.6
13.566138982772827,0.0,10.6
13.723616123199463,0.0,10.6
13.881101131439209,0.0,10.6
14.038634061813354,0.0,10.6
14.196295976638794,0.0,10.6
14.353677034378052,0.0,10.6
14.51118803024292,0.0,10.6
14.668492078781128,0.0,10.6
14.826235055923462,6.7,10.5
14.984051942825317,0.0,10.5
15.141678094863892,0.0,10.5
15.299161911010742,0.0,10.5
15.456671953201294,0.0,10.5
15.61415696144104,0.0,10.5
15.77187991142273,0.0,10.5
15.929358005523682,0.0,10.5
16.087152004241943,0.0,10.5
16.244944095611572,0.0,10.5
16.40279507637024,0.0,10.5
16.560914993286133,0.0,10.5
16.718812942504883,13.3,10.5
16.87661910057068,0.0,10.5
17.034203052520752,0.0,10.5
17.19188404083252,0.0,10.5
17.349421977996826,0.0,10.5
17.506927013397217,0.0,10.5
17.664384126663208,0.0,10.5
17.822053909301758,0.0,10.5
17.97953701019287,6.7,10.5
18.137274026870728,0.0,10.5
18.29475712776184,0.0,10.5
18.452661991119385,60.0,10.399999999999999
18.61023211479187,0.0,10.399999999999999
18.767817974090576,0.0,10.399999999999999
18.925262928009033,0.0,10.399999999999999
19.083164930343628,0.0,10.399999999999999
19.240318059921265,0.0,10.399999999999999
19.397993087768555,0.0,10.399999999999999
19.555581092834473,0.0,10.399999999999999
19.71305203437805,6.7,10.399999999999999
19.87079405784607,0.0,10.399999999999999
20.028621912002563,60.0,10.399999999999999
20.185923099517822,0.0,10.399999999999999
20.342947959899902,0.0,10.399999999999999
20.500323057174683,0.0,10.399999999999999
20.657721042633057,0.0,10.399999999999999
20.815377950668335,0.0,10.399999999999999
20.97275710105896,6.7,10.399999999999999
21.130510091781616,0.0,10.399999999999999
21.287949085235596,0.0,10.399999999999999
21.445609092712402,0.0,10.399999999999999
21.603212118148804,0.0,10.399999999999999
21.760709047317505,0.0,10.399999999999999
21.91816806793213,0.0,10.399999999999999
22.075583934783936,6.7,10.399999999999999
22.233285903930664,0.0,10.399999999999999
22.39073395729065,0.0,10.399999999999999
22.54827904701233,0.0,10.399999999999999
22.705650091171265,0.0,10.399999999999999
22.86313509941101,0.0,10.399999999999999
23.020514965057373,0.0,10.399999999999999
23.178067922592163,6.7,10.399999999999999
23.335845947265625,0.0,10.399999999999999
23.493365049362183,0.0,10.399999999999999
23.650888919830322,0.0,10.399999999999999
23.808571100234985,0.0,10.399999999999999
23.966125011444092,0.0,10.399999999999999
24.123852014541626,0.0,10.399999999999999
24.281325101852417,0.0,10.399999999999999
24.438815116882324,0.0,10.399999999999999
24.59632396697998,0.0,10.399999999999999
24.753938913345337,0.0,10.399999999999999
24.911363124847412,0.0,10.399999999999999
25.06886601448059,6.7,10.399999999999999
25.226649045944214,0.0,10.399999999999999
25.38421392440796,0.0,10.399999999999999
25.54198694229126,0.0,10.399999999999999
25.6996910572052,0.0,10.399999999999999
25.85733413696289,0.0,10.399999999999999
26.01496410369873,0.0,10.399999999999999
26.172647953033447,0.0,10.399999999999999
26.33006000518799,0.0,10.399999999999999
26.4879310131073,6.7,10.399999999999999
26.645851135253906,6.7,10.399999999999999
26.803956031799316,0.0,10.399999999999999
26.96141290664673,0.0,10.399999999999999
27.119077920913696,0.0,10.399999999999999
27.27656602859497,0.0,10.399999999999999
27.43408203125,0.0,10.399999999999999
27.591620922088623,0.0,10.399999999999999
27.74904203414917,0.0,10.399999999999999
27.90670609474182,0.0,10.399999999999999
28.064199924468994,0.0,10.399999999999999
28.22181510925293,0.0,10.399999999999999
28.379415035247803,0.0,10.399999999999999
28.537285089492798,0.0,10.399999999999999
28.694828987121582,0.0,10.399999999999999
28.852325916290283,0.0,10.399999999999999
29.009783029556274,13.3,10.399999999999999
29.166332006454468,0.0,10.399999999999999
29.323755979537964,0.0,10.399999999999999
29.480653047561646,0.0,10.399999999999999
29.638360023498535,6.7,10.399999999999999
29.79629111289978,0.0,10.399999999999999
29.953927040100098,0.0,10.399999999999999
30.111642122268677,0.0,10.399999999999999
30.26889705657959,0.0,10.399999999999999
30.42628312110901,0.0,10.399999999999999
30.585588932037354,0.0,10.399999999999999
30.743019104003906,0.0,10.399999999999999
30.901026010513306,0.0,10.399999999999999
31.05860710144043,0.0,10.399999999999999
31.215991020202637,0.0,10.399999999999999
31.3737530708313,0.0,10.399999999999999
31.531373023986816,0.0,10.399999999999999
31.68861198425293,0.0,10.399999999999999
31.8461971282959,0.0,10.399999999999999
32.0038480758667,0.0,10.399999999999999
32.16122603416443,0.0,10.399999999999999
32.31871199607849,0.0,10.399999999999999
32.476123094558716,0.0,10.399999999999999
32.63379096984863,0.0,10.399999999999999
32.791391134262085,6.7,10.399999999999999
32.94906806945801,0.0,10.399999999999999
33.10669803619385,0.0,10.399999999999999
33.26413607597351,0.0,10.399999999999999
33.42172908782959,0.0,10.399999999999999
33.579237937927246,0.0,10.399999999999999
33.73689103126526,0.0,10.399999999999999
33.894514083862305,0.0,10.399999999999999
34.0522940158844,0.0,10.399999999999999
34.20991396903992,0.0,10.399999999999999
34.367512941360474,0.0,10.399999999999999
34.52500605583191,0.0,10.399999999999999
34.682430028915405,0.0,10.399999999999999
34.83988809585571,0.0,10.399999999999999
34.99732494354248,6.7,10.399999999999999
35.15499711036682,0.0,10.399999999999999
35.312288999557495,0.0,10.399999999999999
35.46997690200806,0.0,10.399999999999999
35.627695083618164,0.0,10.399999999999999
35.784910917282104,0.0,10.399999999999999
35.94239091873169,0.0,10.399999999999999
36.10018801689148,0.0,10.399999999999999
36.25784111022949,0.0,10.399999999999999
36.4158570766449,0.0,10.399999999999999
36.57352900505066,6.7,10.399999999999999
36.73131704330444,0.0,10.399999999999999
36.88882398605347,0.0,10.399999999999999
37.04632496833801,0.0,10.399999999999999
37.20402002334595,0.0,10.399999999999999
37.36175012588501,0.0,10.399999999999999
37.519307136535645,0.0,10.399999999999999
37.67680311203003,0.0,10.399999999999999
37.83427309989929,0.0,10.399999999999999
37.991652965545654,0.0,10.399999999999999
38.14928197860718,0.0,10.399999999999999
38.306769132614136,0.0,10.399999999999999
38.464436054229736,0.0,10.399999999999999
38.62209892272949,0.0,10.399999999999999
38.77920198440552,0.0,10.399999999999999
38.93674612045288,0.0,10.399999999999999
39.09434700012207,0.0,10.399999999999999
39.25173807144165,0.0,10.399999999999999
39.40916204452515,0.0,10.399999999999999
39.56666803359985,0.0,10.399999999999999
39.724162101745605,6.7,10.399999999999999
39.88192296028137,0.0,10.399999999999999
40.03974413871765,6.7,10.399999999999999
40.197508096694946,0.0,10.399999999999999
40.354851961135864,0.0,10.399999999999999
40.51162099838257,0.0,10.399999999999999
40.669172048568726,6.7,10.399999999999999
40.82699012756348,0.0,10.399999999999999
40.98448896408081,0.0,10.399999999999999
41.1416130065918,0.0,10.399999999999999
41.29908108711243,0.0,10.399999999999999
41.45650601387024,0.0,10.399999999999999
41.614201068878174,0.0,10.399999999999999
41.77168893814087,0.0,10.399999999999999
41.92912006378174,0.0,10.399999999999999
42.086724042892456,0.0,10.399999999999999
42.24417591094971,0.0,10.399999999999999
42.40186095237732,0.0,10.399999999999999
42.55959892272949,0.0,10.399999999999999
42.717243909835815,0.0,10.399999999999999
42.87471604347229,0.0,10.399999999999999
43.0368709564209,6.2,10.399999999999999
43.194793939590454,0.0,10.399999999999999
43.35223698616028,0.0,10.399999999999999
43.509856939315796,0.0,10.399999999999999
43.6673309803009,0.0,10.399999999999999
43.824573040008545,0.0,10.399999999999999
43.982110023498535,6.7,10.399999999999999
44.13971710205078,0.0,10.399999999999999
44.29685306549072,0.0,10.399999999999999
44.454334020614624,0.0,10.399999999999999
44.61214303970337,0.0,10.399999999999999
44.7697319984436,0.0,10.399999999999999
44.927181005477905,0.0,10.399999999999999
45.08466696739197,0.0,10.399999999999999
45.24237108230591,0.0,10.399999999999999
45.40022397041321,0.0,10.399999999999999
45.55800008773804,0.0,10.399999999999999
45.71552801132202,0.0,10.399999999999999
45.87296509742737,0.0,10.399999999999999
46.03031897544861,0.0,10.399999999999999
46.188122034072876,0.0,10.399999999999999
46.34563612937927,0.0,10.399999999999999
46.502492904663086,6.7,10.399999999999999
46.660654067993164,0.0,10.399999999999999
46.81874895095825,6.7,10.399999999999999
46.976861000061035,0.0,10.399999999999999
47.13442611694336,0.0,10.399999999999999
47.292109966278076,0.0,10.399999999999999
47.44967699050903,0.0,10.399999999999999
47.60695695877075,0.0,10.399999999999999
47.76433205604553,0.0,10.399999999999999
47.92182397842407,0.0,10.399999999999999
48.07935905456543,6.7,10.399999999999999
48.23681902885437,0.0,10.399999999999999
48.39435005187988,0.0,10.399999999999999
48.552133083343506,0.0,10.399999999999999
48.70977997779846,0.0,10.399999999999999
48.867517948150635,0.0,10.399999999999999
49.02424907684326,0.0,10.399999999999999
49.18139910697937,0.0,10.399999999999999
49.339329957962036,0.0,10.399999999999999
49.496822118759155,0.0,10.399999999999999
49.65459203720093,6.7,10.399999999999999
49.81234812736511,0.0,10.399999999999999
49.97008991241455,6.7,10.399999999999999
50.12780404090881,0.0,10.399999999999999
50.285255908966064,0.0,10.399999999999999
50.442631006240845,0.0,10.399999999999999
50.60028600692749,0.0,10.399999999999999
50.7581000328064,0.0,10.399999999999999
50.915595054626465,0.0,10.399999999999999
51.073365926742554,0.0,10.399999999999999
51.231009006500244,0.0,10.399999999999999
51.38856911659241,0.0,10.399999999999999
51.546096086502075,0.0,10.399999999999999
51.7036349773407,0.0,10.399999999999999
51.86108994483948,0.0,10.399999999999999
52.0186550617218,0.0,10.399999999999999
52.176302909851074,0.0,10.399999999999999
52.33387994766235,0.0,10.399999999999999
52.49122190475464,0.0,10.399999999999999
52.64861798286438,0.0,10.399999999999999
52.80609202384949,0.0,10.399999999999999
52.963557958602905,6.7,10.399999999999999
53.12113809585571,0.0,10.399999999999999
53.27880811691284,0.0,10.399999999999999
53.43623208999634,0.0,10.399999999999999
53.59393000602722,0.0,10.399999999999999
53.75141906738281,0.0,10.399999999999999
53.908894062042236,0.0,10.399999999999999
54.06644010543823,0.0,10.399999999999999
54.22296404838562,0.0,10.399999999999999
54.380619049072266,0.0,10.399999999999999
54.538110971450806,0.0,10.399999999999999
54.69552803039551,6.7,10.399999999999999
54.853023052215576,0.0,10.399999999999999
55.010814905166626,0.0,10.399999999999999
55.168604135513306,0.0,10.399999999999999
55.326077938079834,0.0,10.399999999999999
55.48348307609558,0.0,10.399999999999999
55.64111590385437,0.0,10.399999999999999
55.7985999584198,0.0,10.399999999999999
55.95604705810547,0.0,10.399999999999999
56.113749980926514,0.0,10.399999999999999
56.27137303352356,0.0,10.399999999999999
56.42930006980896,0.0,10.399999999999999
56.58705711364746,6.2,10.399999999999999
56.744648933410645,0.0,10.399999999999999
56.902251958847046,0.0,10.399999999999999
57.05992603302002,6.7,10.399999999999999
57.21766209602356,0.0,10.399999999999999
57.37513208389282,0.0,10.399999999999999
57.53269004821777,0.0,10.399999999999999
57.69025111198425,0.0,10.399999999999999
57.84813213348389,0.0,10.399999999999999
58.00536298751831,0.0,10.399999999999999
58.16352105140686,0.0,10.399999999999999
58.32141900062561,0.0,10.399999999999999
58.4792799949646,0.0,10.399999999999999
58.636868953704834,0.0,10.399999999999999
58.79432797431946,0.0,10.399999999999999
58.9518039226532,6.7,10.399999999999999
59.10943913459778,0.0,10.399999999999999
59.26573991775513,0.0,10.399999999999999
59.42307090759277,0.0,10.399999999999999
59.58111906051636,0.0,10.399999999999999
59.739211082458496,0.0,10.399999999999999
59.89713096618652,0.0,10.399999999999999
60.054824113845825,6.7,10.399999999999999
60.21232509613037,0.0,10.399999999999999
60.369771003723145,0.0,10.399999999999999
60.52771592140198,0.0,10.399999999999999
60.68494200706482,0.0,10.399999999999999
60.84267210960388,0.0,10.399999999999999
61.00023412704468,6.7,10.399999999999999
61.15782594680786,0.0,10.399999999999999
61.31527304649353,0.0,10.399999999999999
61.472707986831665,0.0,10.399999999999999
61.63034200668335,0.0,10.399999999999999
61.78788208961487,0.0,10.399999999999999
61.94564890861511,0.0,10.399999999999999
62.10335898399353,0.0,10.399999999999999
62.26092195510864,0.0,10.399999999999999
62.41838097572327,0.0,10.399999999999999
62.575921058654785,0.0,10.399999999999999
62.733617067337036,0.0,10.399999999999999
62.89118695259094,0.0,10.399999999999999
63.048901081085205,0.0,10.399999999999999
63.20647192001343,0.0,10.399999999999999
63.3639760017395,0.0,10.399999999999999
63.52170205116272,0.0,10.399999999999999
63.67922496795654,0.0,10.399999999999999
63.83672499656677,0.0,10.399999999999999
63.994170904159546,0.0,10.399999999999999
64.15179491043091,0.0,10.399999999999999
64.30896592140198,0.0,10.399999999999999
64.46645998954773,0.0,10.399999999999999
64.62407493591309,0.0,10.399999999999999
64.7815101146698,0.0,10.399999999999999
64.93893313407898,0.0,10.399999999999999
65.09630608558655,0.0,10.399999999999999
65.25395011901855,0.0,10.399999999999999
65.41146206855774,0.0,10.399999999999999
65.5689799785614,0.0,10.399999999999999
65.72645711898804,0.0,10.399999999999999
65.8842101097107,0.0,10.399999999999999
66.04206609725952,13.3,10.399999999999999
66.19984912872314,0.0,10.399999999999999
66.35727310180664,0.0,10.399999999999999
66.5153169631958,6.7,10.399999999999999
66.67272210121155,0.0,10.399999999999999
66.8303210735321,0.0,10.399999999999999
66.98779511451721,6.7,10.399999999999999
67.144935131073,0.0,10.399999999999999
67.30237698554993,0.0,10.399999999999999
67.45999193191528,0.0,10.399999999999999
67.6176290512085,0.0,10.399999999999999
67.7751669883728,0.0,10.399999999999999
67.93327498435974,0.0,10.399999999999999
68.09105110168457,0.0,10.399999999999999
68.24849700927734,0.0,10.399999999999999
68.40616607666016,0.0,10.399999999999999
68.56393599510193,0.0,10.399999999999999
68.72138595581055,0.0,10.399999999999999
68.8791389465332,0.0,10.399999999999999
69.03727006912231,6.7,10.399999999999999
69.19498896598816,0.0,10.399999999999999
69.35243797302246,0.0,10.399999999999999
69.51007795333862,0.0,10.399999999999999
69.6677610874176,0.0,10.399999999999999
69.82580399513245,0.0,10.399999999999999
69.98339796066284,6.7,10.399999999999999
70.14099502563477,0.0,10.399999999999999
70.29809999465942,0.0,10.399999999999999
70.4557580947876,0.0,10.399999999999999
70.61333894729614,0.0,10.399999999999999
70.77114510536194,0.0,10.399999999999999
70.92847299575806,0.0,10.399999999999999
71.08612108230591,0.0,10.399999999999999
71.24361991882324,0.0,10.399999999999999
71.40088200569153,0.0,10.399999999999999
71.55844902992249,0.0,10.399999999999999
71.71586203575134,0.0,10.399999999999999
71.87329697608948,0.0,10.399999999999999
72.03078603744507,0.0,10.399999999999999
72.188560962677,0.0,10.399999999999999
72.3464720249176,0.0,10.399999999999999
72.50413703918457,0.0,10.399999999999999
72.66157603263855,0.0,10.399999999999999
72.81904196739197,0.0,10.399999999999999
72.97649812698364,6.7,10.399999999999999
73.13411498069763,0.0,10.399999999999999
73.29215502738953,0.0,10.399999999999999
73.44961190223694,0.0,10.399999999999999
73.60717606544495,0.0,10.399999999999999
73.76469492912292,0.0,10.399999999999999
73.92217302322388,0.0,10.399999999999999
74.07970905303955,0.0,10.399999999999999
74.23739099502563,0.0,10.399999999999999
74.39492297172546,0.0,10.399999999999999
74.5522620677948,0.0,10.399999999999999
74.7097589969635,0.0,10.399999999999999
74.86716604232788,0.0,10.399999999999999
75.02470707893372,0.0,10.399999999999999
75.18225598335266,0.0,10.399999999999999
75.33975791931152,0.0,10.399999999999999
75.49718999862671,0.0,10.399999999999999
75.6546380519867,0.0,10.399999999999999
75.81232190132141,0.0,10.399999999999999
75.96983695030212,0.0,10.399999999999999
76.12798309326172,0.0,10.399999999999999
76.28615999221802,0.0,10.399999999999999
76.4441270828247,0.0,10.399999999999999
76.60203194618225,6.7,10.399999999999999
76.75996708869934,0.0,10.399999999999999
76.91743206977844,0.0,10.399999999999999
77.07501006126404,0.0,10.399999999999999
77.23237800598145,0.0,10.399999999999999
77.38993096351624,0.0,10.399999999999999
77.54768395423889,0.0,10.399999999999999
77.70502090454102,0.0,10.399999999999999
77.86247706413269,0.0,10.399999999999999
78.02009201049805,0.0,10.399999999999999
78.17771911621094,0.0,10.399999999999999
78.33522510528564,6.7,10.399999999999999
78.4925889968872,6.7,10.399999999999999
78.65053391456604,0.0,10.399999999999999
78.8078920841217,0.0,10.399999999999999
78.96557402610779,0.0,10.399999999999999
79.12319493293762,0.0,10.399999999999999
79.28067302703857,0.0,10.399999999999999
79.43811893463135,0.0,10.399999999999999
79.59573292732239,0.0,10.399999999999999
79.75236296653748,0.0,10.399999999999999
79.91012907028198,0.0,10.399999999999999
80.067950963974,0.0,10.399999999999999
80.2257239818573,0.0,10.399999999999999
80.38329410552979,0.0,10.399999999999999
80.54083704948425,0.0,10.399999999999999
80.69832301139832,6.7,10.399999999999999
80.85608005523682,0.0,10.399999999999999
81.01368498802185,0.0,10.399999999999999
81.17136907577515,0.0,10.399999999999999
81.32886695861816,0.0,10.399999999999999
81.48630809783936,0.0,10.399999999999999
81.64387798309326,0.0,10.399999999999999
81.80129790306091,0.0,10.399999999999999
81.9588930606842,0.0,10.399999999999999
82.11668992042542,0.0,10.399999999999999
82.2742440700531,0.0,10.399999999999999
82.431715965271,0.0,10.399999999999999
82.58924412727356,0.0,10.399999999999999
82.74658703804016,0.0,10.399999999999999
82.90393400192261,0.0,10.399999999999999
83.0615770816803,0.0,10.399999999999999
83.2191550731659,0.0,10.399999999999999
83.3765799999237,0.0,10.399999999999999
83.53423500061035,0.0,10.399999999999999
83.69170713424683,0.0,10.399999999999999
83.84934091567993,0.0,10.399999999999999
84.00683808326721,0.0,10.399999999999999
84.16451001167297,6.7,10.399999999999999
84.32226800918579,0.0,10.399999999999999
84.47983813285828,0.0,10.399999999999999
84.6372799873352,0.0,10.399999999999999
84.79491305351257,0.0,10.399999999999999
84.95137810707092,6.7,10.399999999999999
85.10904502868652,0.0,10.399999999999999
85.2667019367218,0.0,10.399999999999999
85.42405009269714,0.0,10.399999999999999
85.58160305023193,0.0,10.399999999999999
85.73908805847168,0.0,10.399999999999999
85.89664196968079,0.0,10.399999999999999
86.05457711219788,0.0,10.399999999999999
86.21230411529541,0.0,10.399999999999999
86.36980104446411,0.0,10.399999999999999
86.52786493301392,0.0,10.399999999999999
86.6856861114502,0.0,10.399999999999999
86.84315896034241,0.0,10.399999999999999
87.00049591064453,6.7,10.399999999999999
87.15822005271912,0.0,10.399999999999999
87.31573104858398,0.0,10.399999999999999
87.47319602966309,0.0,10.399999999999999
87.63098692893982,0.0,10.399999999999999
87.7884030342102,0.0,10.399999999999999
87.9459240436554,0.0,10.399999999999999
88.10360193252563,0.0,10.399999999999999
88.26113891601562,0.0,10.399999999999999
88.41866898536682,6.7,10.399999999999999
88.57653403282166,0.0,10.399999999999999
88.73367404937744,0.0,10.399999999999999
88.89159297943115,0.0,10.399999999999999
89.04944109916687,0.0,10.399999999999999
89.20746898651123,0.0,10.399999999999999
89.36534595489502,0.0,10.399999999999999
89.52304100990295,0.0,10.399999999999999
89.6806480884552,0.0,10.399999999999999
89.83822298049927,0.0,10.399999999999999
89.9956579208374,0.0,10.399999999999999
90.15371203422546,0.0,10.399999999999999
90.31105208396912,6.7,10.399999999999999
90.46817207336426,0.0,10.399999999999999
90.62600898742676,0.0,10.399999999999999
90.78323698043823,0.0,10.399999999999999
90.9408950805664,6.7,10.399999999999999
91.0981080532074,0.0,10.399999999999999
91.25558090209961,0.0,10.399999999999999
91.41313791275024,0.0,10.399999999999999
91.57065510749817,0.0,10.399999999999999
91.72793412208557,0.0,10.399999999999999
91.8849630355835,0.0,10.399999999999999
92.0423059463501,0.0,10.399999999999999
92.19996905326843,0.0,10.399999999999999
92.35750198364258,0.0,10.399999999999999
92.5150089263916,0.0,10.399999999999999
92.6725959777832,0.0,10.399999999999999
92.8300359249115,0.0,10.399999999999999
92.98763108253479,0.0,10.399999999999999
93.14496111869812,0.0,10.399999999999999
93.30268001556396,0.0,10.399999999999999
93.4603009223938,0.0,10.399999999999999
93.61780309677124,0.0,10.399999999999999
93.77527594566345,0.0,10.399999999999999
93.9327290058136,0.0,10.399999999999999
94.0903000831604,0.0,10.399999999999999
94.24796295166016,0.0,10.399999999999999
94.40564513206482,0.0,10.399999999999999
94.56315612792969,0.0,10.399999999999999
94.72048306465149,0.0,10.399999999999999
94.87792491912842,0.0,10.399999999999999
95.03548407554626,0.0,10.399999999999999
95.19191098213196,0.0,10.399999999999999
95.34958100318909,0.0,10.399999999999999
95.50710105895996,0.0,10.399999999999999
95.66455006599426,0.0,10.399999999999999
95.82198095321655,0.0,10.399999999999999
95.97945594787598,0.0,10.399999999999999
96.13767790794373,0.0,10.399999999999999
96.29543709754944,0.0,10.399999999999999
96.4527199268341,0.0,10.399999999999999
96.61045598983765,13.3,10.399999999999999
96.7682991027832,0.0,10.399999999999999
96.92558598518372,0.0,10.399999999999999
97.0831880569458,0.0,10.399999999999999
97.2407169342041,0.0,10.399999999999999
97.39827990531921,0.0,10.399999999999999
97.55579495429993,0.0,10.399999999999999
97.712975025177,0.0,10.399999999999999
97.87039995193481,0.0,10.399999999999999
98.02803492546082,0.0,10.399999999999999
98.18566107749939,0.0,10.399999999999999
98.34343099594116,6.7,10.399999999999999
98.50123906135559,0.0,10.399999999999999
98.6586971282959,0.0,10.399999999999999
98.81618309020996,0.0,10.399999999999999
98.97362804412842,0.0,10.399999999999999
99.13121891021729,0.0,10.399999999999999
99.2886381149292,0.0,10.399999999999999
99.44628596305847,0.0,10.399999999999999
99.60403108596802,0.0,10.399999999999999
99.76263499259949,0.0,10.399999999999999
99.92077612876892,0.0,10.399999999999999
100.07808208465576,0.0,10.399999999999999
100.23588109016418,0.0,10.399999999999999
100.39334106445312,0.0,10.399999999999999
100.55089402198792,0.0,10.399999999999999
100.70842909812927,6.7,10.399999999999999
100.86627411842346,0.0,10.399999999999999
101.0239200592041,0.0,10.399999999999999
101.18163704872131,0.0,10.399999999999999
101.33912301063538,0.0,10.399999999999999
101.49666404724121,0.0,10.399999999999999
101.6541519165039,0.0,10.399999999999999
101.81180810928345,0.0,10.399999999999999
101.96941208839417,0.0,10.399999999999999
102.12699294090271,6.2,10.399999999999999
102.28448700904846,0.0,10.399999999999999
102.44189405441284,0.0,10.399999999999999
102.59940695762634,0.0,10.399999999999999
102.75688409805298,0.0,10.399999999999999
102.91437292098999,0.0,10.399999999999999
103.07182502746582,0.0,10.399999999999999
103.22937607765198,0.0,10.399999999999999
103.38680410385132,0.0,10.399999999999999
103.54434990882874,0.0,10.399999999999999
103.70179009437561,0.0,10.399999999999999
103.85928297042847,0.0,10.399999999999999
104.01680707931519,6.2,10.399999999999999
104.17439007759094,0.0,10.399999999999999
104.33187413215637,0.0,10.399999999999999
104.48924612998962,0.0,10.399999999999999
104.64677596092224,0.0,10.399999999999999
104.80426812171936,0.0,10.399999999999999
104.96188402175903,0.0,10.399999999999999
105.11977291107178,0.0,10.399999999999999
105.27724313735962,0.0,10.399999999999999
105.43477702140808,0.0,10.399999999999999
105.59236001968384,0.0,10.399999999999999
105.74976205825806,0.0,10.399999999999999
105.90722799301147,0.0,10.399999999999999
106.06487393379211,0.0,10.399999999999999
106.22247409820557,0.0,10.399999999999999
106.3800539970398,0.0,10.399999999999999
106.53774309158325,6.7,10.399999999999999
106.6951310634613,0.0,10.399999999999999
106.8526520729065,0.0,10.399999999999999
107.01005411148071,0.0,10.399999999999999
107.16760611534119,0.0,10.399999999999999
107.3248119354248,0.0,10.399999999999999
107.4823169708252,6.7,10.399999999999999
107.63986992835999,0.0,10.399999999999999
107.79742002487183,0.0,10.399999999999999
107.95485496520996,0.0,10.399999999999999
108.1123731136322,0.0,10.399999999999999
108.27004408836365,0.0,10.399999999999999
108.4276111125946,6.7,10.399999999999999
108.58554911613464,0.0,10.399999999999999
108.74304795265198,0.0,10.399999999999999
108.90046310424805,0.0,10.399999999999999
109.05813193321228,0.0,10.399999999999999
109.21561598777771,0.0,10.399999999999999
109.37313795089722,0.0,10.399999999999999
109.53069591522217,0.0,10.399999999999999
109.68831491470337,6.7,10.399999999999999
109.84595012664795,0.0,10.399999999999999
110.00355410575867,0.0,10.399999999999999
110.16126799583435,0.0,10.399999999999999
110.31899094581604,0.0,10.399999999999999
110.47654104232788,0.0,10.399999999999999
110.63414812088013,13.3,10.399999999999999
110.79198813438416,0.0,10.399999999999999
110.94979000091553,0.0,10.399999999999999
111.10754108428955,0.0,10.399999999999999
111.26509094238281,0.0,10.399999999999999
111.42257905006409,20.0,10.399999999999999
111.57875609397888,0.0,10.399999999999999
111.73632311820984,0.0,10.399999999999999
111.89405512809753,0.0,10.399999999999999
112.05167293548584,0.0,10.399999999999999
112.20938205718994,0.0,10.399999999999999
112.36686205863953,0.0,10.399999999999999
112.52434706687927,0.0,10.399999999999999
112.68208193778992,0.0,10.399999999999999
112.83959102630615,0.0,10.399999999999999
112.99722409248352,6.2,10.399999999999999
113.1546700000763,0.0,10.399999999999999
113.31219911575317,0.0,10.399999999999999
113.46990299224854,0.0,10.399999999999999
113.62745404243469,0.0,10.399999999999999
113.7848961353302,0.0,10.399999999999999
113.94230103492737,0.0,10.399999999999999
114.09986400604248,0.0,10.399999999999999
114.25699496269226,0.0,10.399999999999999
114.4144139289856,0.0,10.399999999999999
114.57118201255798,0.0,10.399999999999999
114.72846293449402,0.0,10.399999999999999
114.88585710525513,0.0,10.399999999999999
115.04361200332642,0.0,10.399999999999999
115.20138597488403,0.0,10.399999999999999
115.35902309417725,0.0,10.399999999999999
115.51655411720276,0.0,10.399999999999999
115.67401003837585,0.0,10.399999999999999
115.8315360546112,0.0,10.399999999999999
115.9890410900116,0.0,10.399999999999999
116.14666604995728,0.0,10.399999999999999
116.30393195152283,0.0,10.399999999999999
116.46162509918213,0.0,10.399999999999999
116.61933493614197,6.7,10.399999999999999
116.77707600593567,0.0,10.399999999999999
116.93482804298401,0.0,10.399999999999999
117.09250903129578,0.0,10.399999999999999
117.24999594688416,0.0,10.399999999999999
117.40748190879822,0.0,10.399999999999999
117.5650999546051,0.0,10.399999999999999
117.72262597084045,0.0,10.399999999999999
117.88007998466492,0.0,10.399999999999999
118.03715491294861,0.0,10.399999999999999
118.19474196434021,0.0,10.399999999999999
118.3522789478302,6.7,10.399999999999999
118.5100200176239,0.0,10.399999999999999
118.66768002510071,26.7,10.399999999999999
118.82544302940369,0.0,10.399999999999999
118.98303294181824,6.7,10.399999999999999
119.14066791534424,0.0,10.399999999999999
119.29808402061462,0.0,10.399999999999999
119.45539808273315,0.0,10.399999999999999
119.61267495155334,0.0,10.399999999999999
119.77001094818115,0.0,10.399999999999999
119.92750310897827,0.0,10.399999999999999
120.0850739479065,0.0,10.399999999999999
120.24265193939209,0.0,10.399999999999999
120.40010809898376,0.0,10.399999999999999
120.55783104896545,0.0,10.399999999999999
120.71542096138,6.7,10.399999999999999
120.8726499080658,0.0,10.399999999999999
121.03034400939941,0.0,10.399999999999999
121.18792700767517,0.0,10.399999999999999
121.34552907943726,0.0,10.399999999999999
121.50322699546814,0.0,10.399999999999999
121.66086411476135,0.0,10.399999999999999
121.81851291656494,0.0,10.399999999999999
121.97618699073792,0.0,10.399999999999999
122.13394212722778,0.0,10.399999999999999
122.29173111915588,0.0,10.399999999999999
122.44920110702515,0.0,10.399999999999999
122.60676503181458,0.0,10.399999999999999
122.76422309875488,0.0,10.399999999999999
122.92174696922302,0.0,10.399999999999999
123.07939910888672,6.7,10.399999999999999
123.23687410354614,0.0,10.399999999999999
123.39460110664368,0.0,10.399999999999999
123.55240511894226,0.0,10.399999999999999
123.70998001098633,0.0,10.399999999999999
123.86754512786865,0.0,10.399999999999999
124.02521705627441,0.0,10.399999999999999
124.18280696868896,0.0,10.399999999999999
124.340322971344,0.0,10.399999999999999
124.49776792526245,0.0,10.399999999999999
124.65521502494812,0.0,10.399999999999999
124.81259799003601,0.0,10.399999999999999
124.96988797187805,0.0,10.399999999999999
125.12744307518005,0.0,10.399999999999999
125.28489112854004,0.0,10.399999999999999
125.44234800338745,0.0,10.399999999999999
125.59987497329712,0.0,10.399999999999999
125.75754308700562,0.0,10.399999999999999
125.9152901172638,0.0,10.399999999999999
126.0728600025177,0.0,10.399999999999999
126.23054790496826,0.0,10.399999999999999
126.38821792602539,6.7,10.399999999999999
126.5463650226593,0.0,10.399999999999999
126.70376300811768,6.7,10.399999999999999
126.86172604560852,0.0,10.399999999999999
127.01929497718811,0.0,10.399999999999999
127.17666506767273,0.0,10.399999999999999
127.33401703834534,0.0,10.399999999999999
127.4913170337677,0.0,10.399999999999999
127.64868307113647,0.0,10.399999999999999
127.80611896514893,0.0,10.399999999999999
127.96375107765198,0.0,10.399999999999999
128.1214370727539,0.0,10.399999999999999
128.27898812294006,0.0,10.399999999999999
128.4365930557251,0.0,10.399999999999999
128.59460306167603,13.3,10.399999999999999
128.7521951198578,0.0,10.399999999999999
128.90995907783508,0.0,10.399999999999999
129.06753611564636,0.0,10.399999999999999
129.22514009475708,0.0,10.399999999999999
129.38256192207336,0.0,10.399999999999999
129.54000806808472,0.0,10.399999999999999
129.69782900810242,6.7,10.399999999999999
129.85578107833862,0.0,10.399999999999999
130.01344394683838,0.0,10.399999999999999
130.17126893997192,0.0,10.399999999999999
130.32910799980164,0.0,10.399999999999999
130.48652601242065,0.0,10.399999999999999
130.644268989563,0.0,10.399999999999999
130.80201506614685,0.0,10.399999999999999
130.95949697494507,0.0,10.399999999999999
131.1170449256897,0.0,10.399999999999999
131.27451992034912,0.0,10.399999999999999
131.43201994895935,6.7,10.399999999999999
131.58959794044495,0.0,10.399999999999999
131.74707412719727,0.0,10.399999999999999
131.9047269821167,0.0,10.399999999999999
132.06220698356628,0.0,10.399999999999999
132.21990704536438,0.0,10.399999999999999
132.37756490707397,0.0,10.399999999999999
132.53509092330933,0.0,10.399999999999999
132.69266605377197,0.0,10.399999999999999
132.85020112991333,0.0,10.399999999999999
133.0078649520874,0.0,10.399999999999999
133.16550207138062,0.0,10.399999999999999
133.32289505004883,0.0,10.399999999999999
133.48045992851257,0.0,10.399999999999999
133.63809490203857,0.0,10.399999999999999
133.7955560684204,0.0,10.399999999999999
133.95302295684814,0.0,10.399999999999999
134.11063599586487,0.0,10.399999999999999
134.26821613311768,0.0,10.399999999999999
134.42579793930054,0.0,10.399999999999999
134.5833339691162,0.0,10.399999999999999
134.7407341003418,6.7,10.399999999999999
134.89830803871155,0.0,10.399999999999999
135.05584597587585,0.0,10.399999999999999
135.21343398094177,0.0,10.399999999999999
135.37093591690063,6.7,10.399999999999999
135.52848505973816,0.0,10.399999999999999
135.68588709831238,0.0,10.399999999999999
135.84325194358826,53.3,10.399999999999999
136.00038504600525,213.3,10.5
136.1570429801941,106.2,10.5
136.3136339187622,126.7,10.5
136.470379114151,40.0,10.5
136.62831807136536,40.0,10.5
136.78565502166748,40.0,10.5
136.9443199634552,140.0,10.5
137.10104703903198,100.0,10.5
137.25927805900574,80.0,10.5
137.4168930053711,43.8,10.5
137.57497096061707,140.0,10.5
137.73225903511047,153.3,10.5
137.88935804367065,180.0,10.5
138.04652190208435,66.7,10.5
138.20465111732483,60.0,10.5
138.36231899261475,33.3,10.5
138.52047610282898,53.3,10.5
138.67845010757446,113.3,10.5
138.83687496185303,60.0,10.5
138.99543404579163,53.3,10.5
139.15278911590576,60.0,10.5
139.31030106544495,180.0,10.5
139.4672930240631,131.2,10.5
139.62478613853455,153.3,10.5
139.7820520401001,93.3,10.399999999999999
139.94017601013184,46.7,10.5
140.09821796417236,73.3,10.399999999999999
140.25669693946838,66.7,10.399999999999999
140.41626691818237,0.0,4.1
140.57402110099792,0.0,4.1
140.73177003860474,0.0,4.1
140.8894190788269,0.0,4.1
141.04686999320984,0.0,4.1
141.20406198501587,0.0,4.1
141.36116194725037,0.0,4.1
141.51853609085083,0.0,4.1
141.6758909225464,0.0,4.1
141.833477973938,0.0,4.1
141.9908709526062,0.0,4.1
142.14832711219788,0.0,4.1
142.30533504486084,0.0,4.1
142.46268606185913,0.0,4.1
142.62001395225525,0.0,4.1
142.77739596366882,0.0,4.1
142.9346399307251,0.0,4.1
143.0919530391693,0.0,4.1
143.24930500984192,0.0,4.1
143.40666604042053,0.0,4.1
143.5641119480133,0.0,4.1
143.72167301177979,0.0,4.1
143.87902307510376,0.0,4.1
144.03639698028564,0.0,4.1
144.19369506835938,0.0,4.1
144.35103011131287,0.0,4.1
144.50935697555542,0.0,4.1
144.66712307929993,0.0,4.1
144.8245210647583,0.0,4.1
144.98213005065918,0.0,4.1
145.139643907547,0.0,4.1
145.29731607437134,0.0,4.1
