epoch,CPU,RAM
0.0,160.0,6.5
0.1571648120880127,120.0,6.6000000000000005
0.31452298164367676,173.3,6.7
0.471207857131958,186.7,6.800000000000001
0.6272709369659424,180.0,6.9
0.7827677726745605,180.0,6.9
0.9381217956542969,246.7,7.0
1.0946688652038574,273.3,7.2
1.2534608840942383,233.3,7.4
1.4106087684631348,206.7,7.6000000000000005
1.5672588348388672,226.7,7.7
1.723174810409546,246.7,7.7
1.8803479671478271,213.3,7.7
2.0373778343200684,160.0,7.9
2.194065809249878,140.0,8.100000000000001
2.3507049083709717,143.8,8.3
2.50780987739563,313.3,8.7
2.6647698879241943,260.0,8.8
2.8208818435668945,237.5,8.9
2.9773898124694824,320.0,8.9
3.134288787841797,266.7,9.0
3.2909648418426514,287.5,9.0
3.4482598304748535,273.3,9.0
3.607402801513672,306.7,9.2
3.764739990234375,253.3,9.100000000000001
3.9213337898254395,126.7,9.2
4.078149795532227,126.7,9.4
4.234872817993164,133.3,9.7
4.39040994644165,166.7,9.9
4.546620845794678,153.3,10.2
4.703169822692871,100.0,10.3
4.8598668575286865,206.7,10.3
5.016362905502319,200.0,10.4
5.173356771469116,220.0,10.4
5.329985857009888,146.7,10.4
5.487208843231201,226.7,10.4
5.6441919803619385,146.7,10.4
5.801272869110107,173.3,10.5
5.95771598815918,220.0,10.5
6.114181995391846,206.7,10.5
6.270796775817871,186.7,10.5
6.427804946899414,253.3,10.600000000000001
6.5847978591918945,213.3,10.600000000000001
6.7431089878082275,233.3,10.600000000000001
6.899363994598389,313.3,10.7
7.055805921554565,220.0,10.7
7.212347984313965,353.3,10.8
7.368409872055054,340.0,10.9
7.524895906448364,326.7,11.0
7.681851863861084,353.3,11.2
7.838871002197266,333.3,11.4
7.996524810791016,346.7,11.7
8.15372085571289,353.3,11.8
8.313694953918457,320.0,12.2
8.472951889038086,313.3,12.2
8.630671977996826,186.7,12.4
8.788214921951294,293.3,12.600000000000001
8.945753812789917,306.7,12.8
9.103023767471313,313.3,13.0
9.262253999710083,306.7,13.100000000000001
9.419097900390625,253.3,13.100000000000001
9.576783895492554,253.3,13.5
9.736132860183716,280.0,13.4
9.893251895904541,260.0,13.4
10.050318002700806,366.7,13.4
10.206005811691284,293.3,13.5
10.362598896026611,253.3,13.4
10.519215822219849,200.0,13.4
10.676774978637695,26.7,13.5
10.833271980285645,13.3,13.5
10.990482807159424,12.5,13.5
11.147101879119873,0.0,13.5
11.304112911224365,0.0,13.5
11.4613778591156,6.7,13.5
11.618610858917236,0.0,13.5
11.7760009765625,0.0,13.5
11.933177947998047,0.0,13.5
12.090242862701416,6.7,13.5
12.247561931610107,0.0,13.5
12.404743909835815,0.0,13.5
12.561815977096558,0.0,13.5
12.719066858291626,0.0,13.5
12.87636685371399,0.0,13.5
13.03340196609497,0.0,13.5
13.190449953079224,0.0,13.5
13.347527980804443,0.0,13.5
13.504604816436768,0.0,13.5
13.661576986312866,6.7,13.5
13.818638801574707,0.0,13.5
13.976699829101562,0.0,13.5
14.133984804153442,0.0,13.5
14.291146993637085,0.0,13.5
14.448170900344849,0.0,13.4
14.605429887771606,6.7,13.4
14.762430906295776,0.0,13.4
14.919503927230835,0.0,13.4
15.07670283317566,0.0,13.4
15.233823776245117,0.0,13.4
15.390878915786743,0.0,13.4
15.54801082611084,0.0,13.4
15.705318927764893,0.0,13.4
15.862661838531494,0.0,13.4
16.019810914993286,0.0,13.4
16.1769118309021,0.0,13.4
16.33394980430603,0.0,13.4
16.4909827709198,0.0,13.4
16.648274898529053,13.3,13.4
16.805789947509766,0.0,13.4
16.96316695213318,13.3,13.4
17.11945390701294,6.7,13.4
17.276891946792603,0.0,13.4
17.434050798416138,0.0,13.4
17.591729879379272,0.0,13.4
17.749473810195923,206.7,13.6
17.906144857406616,113.3,13.6
18.063618898391724,0.0,13.6
18.22080397605896,0.0,13.6
18.378076791763306,6.7,13.6
18.53566884994507,0.0,13.6
18.69319176673889,0.0,13.6
18.850072860717773,6.7,13.6
19.007219791412354,0.0,13.6
19.16432285308838,0.0,13.6
19.321521997451782,33.3,13.6
19.478217840194702,0.0,13.6
19.63546085357666,6.7,13.6
19.792816877365112,0.0,13.6
19.950055837631226,0.0,13.6
20.10725998878479,0.0,13.6
20.264352798461914,0.0,13.6
20.421157836914062,0.0,13.6
20.57816791534424,0.0,13.6
20.735342979431152,0.0,13.6
20.8925998210907,0.0,13.6
21.0497407913208,0.0,13.6
21.206923961639404,0.0,13.6
21.363979816436768,0.0,13.6
21.521077871322632,0.0,13.6
21.6782009601593,0.0,13.6
21.835558891296387,0.0,13.6
21.992799997329712,0.0,13.6
22.150060892105103,0.0,13.6
22.307256937026978,0.0,13.6
22.46459698677063,6.7,13.6
22.621947765350342,6.7,13.6
22.779290914535522,0.0,13.6
22.936527967453003,0.0,13.6
23.093730926513672,0.0,13.6
23.250974893569946,0.0,13.6
23.407932996749878,0.0,13.6
23.565311908721924,0.0,13.6
23.72251796722412,13.3,13.6
23.879828929901123,0.0,13.6
24.036792993545532,0.0,13.6
24.19390296936035,6.7,13.6
24.350940942764282,0.0,13.6
24.507990837097168,0.0,13.6
24.665186882019043,6.7,13.6
24.821987867355347,0.0,13.6
24.979105949401855,0.0,13.6
25.13618493080139,0.0,13.6
25.293072938919067,0.0,13.6
25.45006799697876,0.0,13.6
25.607297897338867,0.0,13.6
25.764585971832275,0.0,13.6
25.921807765960693,0.0,13.6
26.07887291908264,0.0,13.6
26.235952854156494,0.0,13.6
26.39303684234619,0.0,13.6
26.550089836120605,0.0,13.6
26.70728588104248,0.0,13.6
26.864465951919556,0.0,13.6
27.021728992462158,20.0,13.6
27.179223775863647,0.0,13.6
27.336483001708984,0.0,13.6
27.493610858917236,0.0,13.6
27.65069890022278,6.2,13.6
27.808061838150024,0.0,13.6
27.96499490737915,0.0,13.6
28.12212085723877,0.0,13.6
28.27929997444153,0.0,13.6
28.43654489517212,0.0,13.6
28.593984842300415,6.7,13.6
28.75145697593689,0.0,13.6
28.90871787071228,0.0,13.6
29.06594681739807,0.0,13.6
29.223047971725464,0.0,13.6
29.380096912384033,0.0,13.6
29.53723978996277,0.0,13.6
29.69440984725952,0.0,13.6
29.851671934127808,0.0,13.6
30.008527994155884,0.0,13.6
30.165164947509766,0.0,13.6
30.322367906570435,0.0,13.6
30.47954297065735,0.0,13.6
30.636499881744385,0.0,13.6
30.793749809265137,0.0,13.6
30.950897932052612,0.0,13.6
31.107966899871826,0.0,13.6
31.264813899993896,0.0,13.6
31.421998977661133,26.7,13.6
31.579234838485718,0.0,13.6
31.736329793930054,0.0,13.6
31.893569946289062,0.0,13.6
32.05062484741211,0.0,13.6
32.207809925079346,0.0,13.6
32.364914894104004,0.0,13.6
32.52177381515503,0.0,13.6
32.6789128780365,6.7,13.6
32.83570194244385,0.0,13.6
32.992780923843384,0.0,13.6
33.149916887283325,0.0,13.6
33.30708885192871,0.0,13.6
33.46415686607361,0.0,13.6
33.621346950531006,6.7,13.6
33.77865386009216,0.0,13.6
33.935818910598755,0.0,13.6
34.09305286407471,0.0,13.6
34.250428915023804,0.0,13.6
34.407305002212524,0.0,13.6
34.564223766326904,0.0,13.6
34.721784830093384,0.0,13.6
34.879087924957275,0.0,13.6
35.03622579574585,0.0,13.6
35.19328188896179,0.0,13.6
35.350382804870605,0.0,13.6
35.50763297080994,0.0,13.6
35.66494679450989,0.0,13.6
35.82236886024475,0.0,13.6
35.9793918132782,0.0,13.6
36.136568784713745,0.0,13.6
36.29372787475586,0.0,13.6
36.45081090927124,0.0,13.6
36.60796594619751,6.7,13.6
36.7652587890625,0.0,13.6
36.92264199256897,13.3,13.6
37.07951498031616,0.0,13.6
37.236703872680664,0.0,13.6
37.393818855285645,0.0,13.6
37.55089282989502,0.0,13.6
37.70804476737976,0.0,13.6
37.86537480354309,0.0,13.6
38.02253580093384,0.0,13.6
38.17960596084595,0.0,13.6
38.336859941482544,6.7,13.6
38.49425292015076,0.0,13.6
38.651500940322876,0.0,13.6
38.80928683280945,0.0,13.6
38.96674394607544,0.0,13.6
39.12383699417114,0.0,13.6
39.280850887298584,0.0,13.6
39.43811082839966,0.0,13.6
39.59524583816528,6.7,13.6
39.75230383872986,0.0,13.6
39.909395933151245,0.0,13.6
40.06682085990906,0.0,13.6
40.223689794540405,0.0,13.6
40.38059687614441,0.0,13.6
40.53746294975281,0.0,13.6
40.69472885131836,6.7,13.6
40.85198497772217,0.0,13.6
41.00907897949219,0.0,13.6
41.166197776794434,0.0,13.6
41.32326793670654,0.0,13.6
41.480299949645996,0.0,13.6
41.63780188560486,0.0,13.6
41.795068979263306,0.0,13.6
41.95221400260925,0.0,13.6
42.10930776596069,0.0,13.6
42.2664589881897,0.0,13.6
42.423661947250366,6.7,13.6
42.5809588432312,0.0,13.6
42.73817491531372,6.7,13.6
42.895429849624634,0.0,13.6
43.05253577232361,0.0,13.6
43.20969200134277,0.0,13.6
43.366771936416626,0.0,13.6
43.52385497093201,0.0,13.6
43.68106198310852,0.0,13.6
43.83854293823242,0.0,13.6
43.99566578865051,0.0,13.6
44.15276598930359,20.0,13.6
44.30996084213257,0.0,13.6
44.46747899055481,0.0,13.6
44.62464785575867,0.0,13.6
44.78154492378235,0.0,13.6
44.93869090080261,0.0,13.6
45.09580087661743,0.0,13.6
45.2528817653656,0.0,13.6
45.40961790084839,0.0,13.6
45.56676387786865,0.0,13.6
45.72396397590637,6.7,13.6
45.88112783432007,0.0,13.6
46.038169860839844,0.0,13.6
46.195231914520264,0.0,13.6
46.352359771728516,0.0,13.6
46.50944495201111,0.0,13.6
46.66659379005432,0.0,13.6
46.82388782501221,0.0,13.6
46.98114776611328,6.2,13.6
47.13811683654785,0.0,13.6
47.29523491859436,0.0,13.6
47.452329874038696,6.7,13.6
47.60936188697815,0.0,13.6
47.76669883728027,0.0,13.6
47.923667907714844,0.0,13.6
48.08106780052185,0.0,13.6
48.23853278160095,0.0,13.6
48.395795822143555,6.7,13.6
48.553297996520996,0.0,13.6
48.71051597595215,0.0,13.6
48.86778998374939,0.0,13.6
49.0249719619751,0.0,13.6
49.181869983673096,0.0,13.6
49.338968992233276,0.0,13.6
49.49608778953552,0.0,13.6
49.65345883369446,0.0,13.6
49.81089687347412,0.0,13.6
49.968189001083374,6.7,13.6
50.12539291381836,0.0,13.6
50.282471895217896,0.0,13.6
50.439541816711426,0.0,13.6
50.59661388397217,6.7,13.6
50.75381684303284,0.0,13.6
50.9109947681427,0.0,13.6
51.0678927898407,0.0,13.6
51.2248158454895,0.0,13.6
51.38187384605408,0.0,13.6
51.53892183303833,0.0,13.6
51.69610285758972,0.0,13.6
51.85341691970825,0.0,13.6
52.010499000549316,0.0,13.6
52.16752791404724,0.0,13.6
52.32477688789368,6.7,13.6
52.481913805007935,0.0,13.6
52.63881778717041,0.0,13.6
52.79609394073486,0.0,13.6
52.953330993652344,0.0,13.6
53.11044192314148,0.0,13.6
53.26750588417053,0.0,13.6
53.424614906311035,0.0,13.6
53.581952810287476,0.0,13.6
53.73944878578186,0.0,13.6
53.89648985862732,0.0,13.6
54.05363082885742,0.0,13.6
54.21084380149841,12.5,13.6
54.36818599700928,0.0,13.6
54.52538299560547,0.0,13.6
54.68266177177429,0.0,13.6
54.83988881111145,0.0,13.6
54.99683880805969,0.0,13.6
55.15385293960571,0.0,13.6
55.310956954956055,0.0,13.6
55.468583822250366,0.0,13.6
55.625900983810425,0.0,13.6
55.783408880233765,0.0,13.6
55.94069981575012,0.0,13.6
56.09775495529175,0.0,13.6
56.25479698181152,0.0,13.6
56.411879777908325,0.0,13.6
56.56899094581604,0.0,13.6
56.72584080696106,6.7,13.6
56.88356685638428,0.0,13.6
57.041259765625,6.7,13.6
57.19868588447571,0.0,13.6
57.35582685470581,0.0,13.6
57.51310181617737,0.0,13.6
57.67032790184021,0.0,13.6
57.82761597633362,6.7,13.6
57.98460078239441,0.0,13.6
58.141765832901,0.0,13.6
58.29882884025574,0.0,13.6
58.456087827682495,0.0,13.6
58.61332893371582,0.0,13.6
58.770439863204956,0.0,13.6
58.92759895324707,0.0,13.6
59.08470892906189,0.0,13.6
59.2418007850647,0.0,13.6
59.39881896972656,0.0,13.6
59.55589699745178,0.0,13.6
59.71317195892334,0.0,13.6
59.870356798172,0.0,13.6
60.027437925338745,0.0,13.6
60.18437480926514,0.0,13.6
60.34143090248108,0.0,13.6
60.498451948165894,0.0,13.6
60.65561389923096,0.0,13.6
60.812880992889404,0.0,13.6
60.969963788986206,0.0,13.6
61.1270067691803,0.0,13.6
61.284127950668335,0.0,13.6
61.44130086898804,0.0,13.6
61.59885883331299,0.0,13.6
61.756096839904785,0.0,13.6
61.91332983970642,0.0,13.6
62.07049083709717,0.0,13.6
62.22753882408142,0.0,13.6
62.384742975234985,0.0,13.6
62.54192090034485,6.7,13.6
62.699296951293945,6.7,13.6
62.856817960739136,0.0,13.6
63.014045000076294,0.0,13.6
63.17144799232483,0.0,13.6
63.32869291305542,0.0,13.6
63.48580598831177,0.0,13.6
63.64301776885986,6.7,13.6
63.80050992965698,0.0,13.6
63.957687854766846,0.0,13.6
64.11477780342102,6.7,13.6
64.27213883399963,0.0,13.6
64.42926979064941,0.0,13.6
64.58635687828064,0.0,13.6
64.74354195594788,0.0,13.6
64.90074682235718,0.0,13.6
65.05793285369873,0.0,13.6
65.21513080596924,0.0,13.6
65.37257981300354,0.0,13.6
65.52964997291565,0.0,13.6
65.68686079978943,6.7,13.6
65.84409379959106,0.0,13.6
66.00092482566833,0.0,13.6
66.15811896324158,0.0,13.6
66.3152768611908,0.0,13.6
66.47241282463074,0.0,13.6
66.62945795059204,6.7,13.6
66.7866849899292,0.0,13.6
66.94399189949036,0.0,13.6
67.10124278068542,0.0,13.6
67.25832891464233,0.0,13.6
67.41537189483643,0.0,13.6
67.57247185707092,0.0,13.6
67.72954893112183,6.7,13.6
67.88686180114746,0.0,13.6
68.04409980773926,0.0,13.6
68.20155477523804,0.0,13.6
68.35859799385071,0.0,13.6
68.5159158706665,0.0,13.6
68.67302298545837,6.7,13.6
68.82986879348755,0.0,13.6
68.98705983161926,0.0,13.6
69.14416193962097,0.0,13.6
69.30109596252441,0.0,13.6
69.45817279815674,0.0,13.6
69.61527585983276,0.0,13.6
69.77256298065186,0.0,13.6
69.92976999282837,0.0,13.6
70.08687782287598,0.0,13.6
70.24390077590942,0.0,13.6
70.40097498893738,0.0,13.6
70.55798482894897,0.0,13.6
70.71506094932556,0.0,13.6
70.87225294113159,0.0,13.6
71.02942299842834,0.0,13.6
71.18642592430115,0.0,13.6
71.34351181983948,0.0,13.6
71.50045490264893,0.0,13.6
71.6576018333435,13.3,13.6
71.81489682197571,0.0,13.6
71.97201991081238,0.0,13.6
72.12904691696167,0.0,13.6
72.28615689277649,0.0,13.6
72.44341993331909,6.7,13.6
72.60079193115234,0.0,13.6
72.75793695449829,0.0,13.6
72.91522288322449,0.0,13.6
73.07244777679443,0.0,13.6
73.22963190078735,0.0,13.6
73.3867118358612,0.0,13.6
73.54392385482788,0.0,13.6
73.70106983184814,0.0,13.6
73.85827684402466,0.0,13.6
74.01536083221436,0.0,13.6
74.17244577407837,6.7,13.6
74.32981896400452,0.0,13.6
74.48695087432861,0.0,13.6
74.64410996437073,0.0,13.6
74.80106997489929,0.0,13.6
74.95823383331299,0.0,13.6
75.11543488502502,0.0,13.6
75.2725579738617,0.0,13.6
75.42974185943604,0.0,13.6
75.58695387840271,6.7,13.6
75.74430084228516,0.0,13.6
75.90141487121582,0.0,13.6
76.05856084823608,0.0,13.6
76.21573376655579,0.0,13.6
76.3727707862854,0.0,13.6
76.52991986274719,0.0,13.6
76.68701577186584,6.7,13.6
76.8437168598175,0.0,13.6
77.00092077255249,6.2,13.6
77.15823292732239,0.0,13.6
77.3153178691864,0.0,13.6
77.47237396240234,0.0,13.6
77.62941980361938,0.0,13.6
77.78660082817078,0.0,13.6
77.9437518119812,0.0,13.6
78.10091090202332,0.0,13.6
78.25799179077148,0.0,13.6
78.41518878936768,6.7,13.6
78.57254695892334,0.0,13.6
78.72976684570312,0.0,13.6
78.88713383674622,0.0,13.6
79.04431390762329,0.0,13.6
79.20135998725891,0.0,13.6
79.35822582244873,0.0,13.6
79.51533198356628,0.0,13.6
79.67268180847168,6.7,13.6
79.82991981506348,0.0,13.6
79.98697996139526,0.0,13.6
80.14406895637512,13.3,13.6
80.30026483535767,0.0,13.6
80.45731091499329,0.0,13.6
80.6144449710846,0.0,13.6
80.77165198326111,0.0,13.6
80.9288067817688,6.7,13.6
81.08605098724365,0.0,13.6
81.24323177337646,0.0,13.6
81.40036988258362,0.0,13.6
81.55741596221924,0.0,13.6
81.71449089050293,0.0,13.6
81.87170886993408,0.0,13.6
82.0288758277893,0.0,13.6
82.18605399131775,0.0,13.6
82.34330487251282,6.7,13.6
82.50026178359985,0.0,13.6
82.65746688842773,0.0,13.6
82.81463289260864,0.0,13.6
82.97176885604858,0.0,13.6
83.12878799438477,0.0,13.6
83.28589677810669,0.0,13.6
83.44295692443848,0.0,13.6
83.60017895698547,6.7,13.6
83.75769996643066,0.0,13.6
83.9148428440094,0.0,13.6
84.07192778587341,0.0,13.6
84.22903084754944,0.0,13.6
84.38631391525269,0.0,13.6
84.54343485832214,0.0,13.6
84.70056295394897,0.0,13.6
84.85782885551453,0.0,13.6
85.01491498947144,0.0,13.6
85.17196393013,0.0,13.6
85.32902979850769,0.0,13.6
85.4862117767334,0.0,13.6
85.64330697059631,6.7,13.6
85.80064797401428,0.0,13.6
85.9578127861023,0.0,13.6
86.11495900154114,0.0,13.6
86.27201795578003,0.0,13.6
86.42912197113037,0.0,13.6
86.58614587783813,0.0,13.6
86.74316382408142,0.0,13.6
86.90086793899536,6.2,13.6
87.05824279785156,0.0,13.6
87.2156548500061,0.0,13.6
87.37319684028625,0.0,13.6
87.53035497665405,0.0,13.6
87.6876118183136,0.0,13.6
87.8450288772583,0.0,13.6
88.00220394134521,0.0,13.6
88.15940594673157,0.0,13.6
88.31675481796265,0.0,13.6
88.47384285926819,0.0,13.6
88.63079595565796,0.0,13.6
88.78709387779236,0.0,13.6
88.94425678253174,0.0,13.6
89.10126996040344,6.7,13.6
89.25847578048706,0.0,13.6
89.41556191444397,0.0,13.6
89.57263994216919,0.0,13.6
89.72977495193481,0.0,13.6
89.88699793815613,0.0,13.6
90.04419589042664,0.0,13.6
90.2011878490448,0.0,13.6
90.35818982124329,0.0,13.6
90.5157368183136,0.0,13.6
90.6732428073883,0.0,13.6
90.83047080039978,0.0,13.6
90.98742485046387,0.0,13.6
91.14461183547974,0.0,13.6
91.30191278457642,0.0,13.6
91.45936179161072,0.0,13.6
91.61661696434021,0.0,13.6
91.77380299568176,0.0,13.6
91.93094182014465,0.0,13.6
92.08800292015076,0.0,13.6
92.24485492706299,0.0,13.6
92.40216588973999,0.0,13.6
92.55948877334595,0.0,13.6
92.71680283546448,0.0,13.6
92.87382483482361,0.0,13.6
93.03127598762512,0.0,13.6
93.18837594985962,0.0,13.6
93.3454258441925,0.0,13.6
93.50246381759644,0.0,13.6
93.65961790084839,6.7,13.6
93.81684279441833,0.0,13.6
93.97399187088013,0.0,13.6
94.13111996650696,6.7,13.6
94.28836297988892,0.0,13.6
94.44517278671265,0.0,13.6
94.60229778289795,0.0,13.6
94.7595009803772,0.0,13.6
94.91658878326416,0.0,13.6
95.07372093200684,0.0,13.6
95.23062992095947,0.0,13.6
95.38729286193848,0.0,13.6
95.54458498954773,0.0,13.6
95.70188689231873,0.0,13.6
95.85902285575867,0.0,13.6
96.01616787910461,0.0,13.6
96.17325282096863,0.0,13.6
96.33031487464905,0.0,13.6
96.48732995986938,0.0,13.6
96.64455080032349,6.7,13.6
96.80176591873169,0.0,13.6
96.95899796485901,20.0,13.6
97.11581587791443,0.0,13.6
97.27314496040344,0.0,13.6
97.43057584762573,0.0,13.6
97.58766078948975,0.0,13.6
97.74491786956787,0.0,13.6
97.90221285820007,0.0,13.6
98.0592999458313,0.0,13.6
98.21627283096313,0.0,13.6
98.37347197532654,0.0,13.6
98.53082990646362,0.0,13.6
98.68809199333191,0.0,13.6
98.84567284584045,0.0,13.6
99.00274777412415,0.0,13.6
99.15984082221985,0.0,13.6
99.3169629573822,0.0,13.6
99.47407984733582,0.0,13.6
99.63157176971436,6.7,13.6
99.78863596916199,0.0,13.6
99.94584894180298,0.0,13.6
100.10295486450195,0.0,13.6
100.26002287864685,0.0,13.6
100.41711783409119,0.0,13.6
100.57420182228088,0.0,13.6
100.7313289642334,0.0,13.6
100.8885178565979,0.0,13.6
101.04566693305969,0.0,13.6
101.20267677307129,0.0,13.6
101.35984778404236,0.0,13.6
101.51710796356201,0.0,13.6
101.67422294616699,0.0,13.6
101.83147978782654,0.0,13.6
101.98864889144897,0.0,13.6
102.14607977867126,0.0,13.6
102.30311584472656,0.0,13.6
102.46037793159485,0.0,13.6
102.6175229549408,0.0,13.6
102.77476477622986,0.0,13.6
102.93187284469604,0.0,13.6
103.0889618396759,0.0,13.6
103.2460708618164,0.0,13.6
103.40313696861267,0.0,13.6
103.56039500236511,6.7,13.6
103.71786379814148,0.0,13.6
103.87507677078247,0.0,13.6
104.03210687637329,0.0,13.6
104.18928289413452,0.0,13.6
104.34657979011536,0.0,13.6
104.50371980667114,0.0,13.6
104.6609239578247,6.2,13.6
104.8182418346405,6.7,13.6
104.97567486763,0.0,13.6
105.13271498680115,0.0,13.6
105.28975892066956,0.0,13.6
105.44685792922974,0.0,13.6
105.60403299331665,0.0,13.6
105.76136589050293,0.0,13.6
105.91848993301392,0.0,13.6
106.07557487487793,0.0,13.6
106.23243999481201,0.0,13.6
106.38939380645752,0.0,13.6
106.54651498794556,0.0,13.6
106.70257687568665,0.0,13.6
106.85998892784119,13.3,13.6
107.01759576797485,6.7,13.6
107.1748948097229,0.0,13.6
107.3321168422699,0.0,13.6
107.48931884765625,0.0,13.6
107.64648580551147,6.7,13.6
107.80373787879944,0.0,13.6
107.96089887619019,0.0,13.6
108.11799192428589,0.0,13.6
108.27506685256958,0.0,13.6
108.43221783638,6.7,13.6
108.58957982063293,0.0,13.6
108.74705982208252,13.3,13.6
108.90432476997375,0.0,13.6
109.06146097183228,0.0,13.6
109.21855688095093,0.0,13.6
109.37564492225647,0.0,13.6
109.53277277946472,0.0,13.6
109.68990588188171,0.0,13.6
109.84707880020142,0.0,13.6
110.00413799285889,0.0,13.6
110.16117191314697,0.0,13.6
110.3182590007782,0.0,13.6
110.4753429889679,0.0,13.6
110.63247084617615,0.0,13.6
110.78970694541931,0.0,13.6
110.94688487052917,0.0,13.6
111.1039309501648,0.0,13.6
111.26098299026489,0.0,13.6
111.41810894012451,0.0,13.6
111.57541799545288,0.0,13.6
111.73254680633545,0.0,13.6
111.88975596427917,0.0,13.6
112.04687786102295,0.0,13.6
112.20393776893616,0.0,13.6
112.36114597320557,13.3,13.6
112.51841282844543,0.0,13.6
112.67560291290283,0.0,13.6
112.83288383483887,0.0,13.6
112.99011087417603,0.0,13.6
113.14723777770996,0.0,13.6
113.30441093444824,0.0,13.6
113.46147584915161,0.0,13.6
113.61857080459595,0.0,13.6
113.77598190307617,0.0,13.6
113.9331419467926,0.0,13.6
114.09042191505432,6.7,13.6
114.24800491333008,0.0,13.6
114.40548276901245,0.0,13.6
114.56260895729065,0.0,13.6
114.71977686882019,0.0,13.6
114.87713885307312,0.0,13.6
115.0342447757721,0.0,13.6
115.19126892089844,0.0,13.6
115.3482518196106,0.0,13.6
115.50533699989319,0.0,13.6
115.66272687911987,6.7,13.6
115.82002592086792,0.0,13.6
115.97717380523682,0.0,13.6
116.1342499256134,0.0,13.6
116.29128384590149,0.0,13.6
116.448481798172,0.0,13.6
116.60553693771362,0.0,13.6
116.762619972229,0.0,13.6
116.9198968410492,6.7,13.6
117.07693195343018,0.0,13.6
117.23437595367432,0.0,13.6
117.39149594306946,0.0,13.6
117.5487289428711,0.0,13.6
117.70580887794495,0.0,13.6
117.86309599876404,0.0,13.6
118.02015995979309,0.0,13.6
118.1772108078003,0.0,13.6
118.33430790901184,6.7,13.6
118.49167490005493,0.0,13.6
118.64883589744568,0.0,13.6
118.80602478981018,0.0,13.6
118.96311092376709,0.0,13.6
119.12022495269775,0.0,13.6
119.27729678153992,0.0,13.6
119.43443989753723,0.0,13.6
119.59154081344604,0.0,13.6
119.74881076812744,0.0,13.6
119.90593981742859,0.0,13.6
120.06300783157349,0.0,13.6
120.22002577781677,0.0,13.6
120.37703084945679,0.0,13.6
120.53405380249023,0.0,13.6
120.69110679626465,6.7,13.6
120.84768295288086,0.0,13.6
121.00512385368347,0.0,13.6
121.16201376914978,0.0,13.6
121.31930994987488,0.0,13.6
121.47653794288635,0.0,13.6
121.63378882408142,0.0,13.6
121.79121994972229,0.0,13.6
121.94840097427368,0.0,13.6
122.10551881790161,0.0,13.6
122.26255893707275,0.0,13.6
122.41973185539246,13.3,13.6
122.57695984840393,0.0,13.6
122.73422884941101,0.0,13.6
122.89156889915466,0.0,13.6
123.04859185218811,0.0,13.6
123.20578789710999,0.0,13.6
123.3630108833313,0.0,13.6
123.5204668045044,0.0,13.6
123.67770481109619,0.0,13.6
123.83500385284424,0.0,13.6
123.99216985702515,0.0,13.6
124.1494369506836,6.7,13.6
124.30676889419556,0.0,13.6
124.46389484405518,0.0,13.6
124.62088179588318,0.0,13.6
124.7781457901001,0.0,13.6
124.93535995483398,0.0,13.6
125.09245681762695,0.0,13.6
125.24947690963745,0.0,13.6
125.40661096572876,0.0,13.6
125.56372594833374,0.0,13.6
125.72089195251465,0.0,13.6
125.87804985046387,0.0,13.6
126.03519582748413,6.7,13.6
126.19244599342346,0.0,13.6
126.3495728969574,0.0,13.6
126.5067048072815,0.0,13.6
126.66383981704712,0.0,13.6
126.82117986679077,0.0,13.6
126.9784779548645,13.3,13.6
127.13602876663208,0.0,13.6
127.29325294494629,0.0,13.6
127.45048093795776,0.0,13.6
127.60779595375061,0.0,13.6
127.76505398750305,0.0,13.6
127.92226099967957,0.0,13.6
128.07940793037415,0.0,13.6
128.2364649772644,0.0,13.6
128.39356684684753,0.0,13.6
128.55094981193542,0.0,13.6
128.7083067893982,6.7,13.6
128.86557698249817,0.0,13.6
129.0227129459381,0.0,13.6
129.17983484268188,0.0,13.6
129.33701181411743,6.7,13.6
129.4941098690033,0.0,13.6
129.6513068675995,0.0,13.6
129.80844593048096,0.0,13.6
129.96552777290344,0.0,13.6
130.12257981300354,0.0,13.6
130.27968382835388,0.0,13.6
130.43675684928894,0.0,13.6
130.5939757823944,0.0,13.6
130.75150990486145,0.0,13.6
130.90870785713196,0.0,13.6
131.06582498550415,0.0,13.6
131.22285890579224,0.0,13.6
131.37992095947266,0.0,13.6
131.5369999408722,0.0,13.6
131.69406294822693,0.0,13.6
131.85129594802856,0.0,13.6
132.00839495658875,0.0,13.6
132.16542077064514,0.0,13.6
132.32262086868286,0.0,13.6
132.48007082939148,0.0,13.6
132.63741779327393,0.0,13.6
132.7946457862854,0.0,13.6
132.95166778564453,0.0,13.6
133.1086769104004,0.0,13.6
133.26547288894653,0.0,13.6
133.42267990112305,0.0,13.6
133.57995986938477,0.0,13.6
133.73689079284668,0.0,13.6
133.89415884017944,0.0,13.6
134.05107593536377,0.0,13.6
134.20807194709778,6.7,13.6
134.36513590812683,0.0,13.6
134.52230596542358,0.0,13.6
134.67967987060547,0.0,13.6
134.8369438648224,0.0,13.6
134.99400281906128,0.0,13.6
135.15110278129578,0.0,13.6
135.30817484855652,0.0,13.6
135.4657039642334,0.0,13.6
135.623352766037,0.0,13.6
135.7809808254242,0.0,13.6
135.9381618499756,0.0,13.6
136.09525299072266,0.0,13.6
136.2522029876709,0.0,13.6
136.4092869758606,0.0,13.6
136.56632494926453,0.0,13.6
136.72354197502136,6.7,13.6
136.8808319568634,0.0,13.6
137.0382399559021,6.7,13.6
137.19577884674072,0.0,13.6
137.35297083854675,0.0,13.6
137.5100817680359,0.0,13.6
137.66724681854248,0.0,13.6
137.8244969844818,0.0,13.6
137.98172998428345,0.0,13.6
138.13899993896484,6.7,13.6
138.29609394073486,0.0,13.6
138.45330476760864,6.7,13.6
138.61126899719238,6.2,13.6
138.76825594902039,0.0,13.6
138.92527794837952,0.0,13.6
139.08245992660522,0.0,13.6
139.23948287963867,0.0,13.6
139.3965458869934,0.0,13.6
139.5539789199829,0.0,13.6
139.71118593215942,0.0,13.6
139.86846494674683,0.0,13.6
140.02553796768188,0.0,13.6
140.18253183364868,0.0,13.6
140.33956599235535,0.0,13.6
140.49656796455383,0.0,13.6
140.65370082855225,6.7,13.6
140.8109028339386,0.0,13.6
140.96801280975342,0.0,13.6
141.12548995018005,0.0,13.6
141.2825198173523,0.0,13.6
141.43958377838135,0.0,13.6
141.59674787521362,0.0,13.6
141.75401377677917,0.0,13.6
141.9111258983612,0.0,13.6
142.06827783584595,0.0,13.6
142.22533893585205,0.0,13.6
142.38249492645264,26.7,13.6
142.53884291648865,0.0,13.6
142.69620490074158,0.0,13.6
142.85354280471802,0.0,13.6
143.0108618736267,0.0,13.6
143.1680929660797,0.0,13.6
143.32521677017212,0.0,13.6
143.48239493370056,0.0,13.6
143.63959980010986,6.7,13.6
143.79708194732666,0.0,13.6
143.9542419910431,0.0,13.6
144.11137700080872,0.0,13.6
144.2687168121338,0.0,13.6
144.42598581314087,0.0,13.6
144.58307790756226,0.0,13.6
144.73959684371948,0.0,13.6
144.8967878818512,0.0,13.6
145.05388379096985,0.0,13.6
145.2109339237213,0.0,13.6
145.368145942688,0.0,13.6
145.5255889892578,186.7,13.6
145.682119846344,140.0,13.700000000000001
145.838711977005,100.0,13.700000000000001
145.99534583091736,66.7,13.700000000000001
146.15225982666016,40.0,13.700000000000001
146.30961298942566,60.0,13.700000000000001
146.46610283851624,113.3,13.700000000000001
146.62302684783936,140.0,13.700000000000001
146.78015995025635,186.7,13.6
146.9360888004303,220.0,13.700000000000001
147.0931317806244,213.3,13.700000000000001
147.24937987327576,133.3,13.700000000000001
147.4068238735199,46.7,13.700000000000001
147.5638198852539,46.7,13.700000000000001
147.72079992294312,37.5,13.700000000000001
147.87877798080444,40.0,13.700000000000001
148.03590893745422,66.7,13.700000000000001
148.1922299861908,80.0,13.700000000000001
148.34974884986877,100.0,13.700000000000001
148.50688290596008,40.0,13.700000000000001
148.6643397808075,93.3,13.700000000000001
148.82220792770386,40.0,13.700000000000001
148.97929191589355,86.7,13.700000000000001
149.13627886772156,106.7,13.700000000000001
149.29374289512634,40.0,13.700000000000001
149.45110392570496,93.3,13.700000000000001
149.60789895057678,153.3,13.700000000000001
149.7647168636322,40.0,13.700000000000001
149.92253494262695,126.7,5.4
150.07960486412048,0.0,5.4
150.23694276809692,0.0,5.4
150.39408683776855,0.0,5.4
150.55110788345337,0.0,5.4
150.70812678337097,0.0,5.4
150.86516284942627,0.0,5.4
151.0220708847046,0.0,5.4
151.17903590202332,0.0,5.4
151.3360879421234,0.0,5.4
151.49311590194702,0.0,5.4
151.65009593963623,0.0,5.4
151.80709290504456,0.0,5.4
151.964106798172,0.0,5.4
152.12108182907104,0.0,5.4
152.27688884735107,0.0,5.4
152.43385887145996,0.0,5.4
152.59092688560486,0.0,5.4
152.7483468055725,0.0,5.4
152.90543580055237,0.0,5.4
153.062481880188,0.0,5.4
153.219712972641,0.0,5.4
153.37659692764282,0.0,5.4
153.53364396095276,0.0,5.4
153.69077682495117,0.0,5.4
153.84775400161743,0.0,5.4
154.00498986244202,0.0,5.4
154.16195392608643,0.0,5.4
154.31890988349915,0.0,5.4
154.4759328365326,0.0,5.4
